383.98,283.43,111.53,0.99969,-0.013302,0.02116,-0.013903,-0.9995,0.028508,0.02077,-0.028794,-0.99937
379.02,283.49,111.43,0.99969,-0.013312,0.02116,-0.013913,-0.9995,0.028508,0.02077,-0.028794,-0.99937
374.06,283.56,111.32,0.99934,-0.013556,0.033744,-0.01451,-0.9995,0.028205,0.033345,-0.028676,-0.99903
369.1,283.62,111.11,0.99898,-0.013293,0.043266,-0.014105,-0.99973,0.018518,0.043008,-0.019109,-0.99889
364.14,283.69,110.89,0.99896,-0.014108,0.043281,-0.014919,-0.99972,0.018483,0.043008,-0.019109,-0.99889
359.18,283.76,110.46,0.99602,-0.013256,0.088192,-0.015077,-0.99969,0.020018,0.087899,-0.021268,-0.9959
354.22,283.82,110.02,0.99586,-0.014272,0.089819,-0.016275,-0.99963,0.021599,0.089478,-0.022971,-0.99572
349.26,283.89,109.34,0.99022,-0.013176,0.13887,-0.016218,-0.99965,0.020792,0.13855,-0.022841,-0.99009
344.3,283.95,108.64,0.9902,-0.013582,0.13901,-0.016641,-0.99964,0.020864,0.13868,-0.022972,-0.99007
339.34,284.02,107.85,0.98703,-0.013134,0.15998,-0.016494,-0.99967,0.019698,0.15967,-0.022081,-0.98692
334.38,284.09,107.04,0.98702,-0.013885,0.15999,-0.017236,-0.99966,0.019578,0.15967,-0.022081,-0.98692
329.42,284.15,106.05,0.97689,-0.01295,0.21334,-0.014038,-0.9999,0.0035863,0.21327,-0.0064983,-0.97697
324.46,284.22,105.03,0.97565,-0.013369,0.21891,-0.017976,-0.99966,0.019067,0.21858,-0.022538,-0.97556
319.5,284.28,103.82,0.9706,-0.012918,0.24035,-0.01798,-0.99966,0.01888,0.24002,-0.022646,-0.9705
314.54,284.35,102.59,0.96953,-0.01307,0.24461,-0.019336,-0.99954,0.023234,0.24419,-0.027256,-0.96934
309.58,284.42,101.3,0.96693,-0.012866,0.25473,-0.017875,-0.99969,0.017357,0.25443,-0.021336,-0.96686
304.62,284.48,99.992,0.96692,-0.013417,0.25474,-0.018407,-0.99968,0.017217,0.25443,-0.021336,-0.96686
299.66,284.55,98.521,0.95825,-0.012751,0.28565,-0.018884,-0.99965,0.018729,0.28531,-0.023341,-0.95815
294.7,284.61,97.043,0.95825,-0.012697,0.28565,-0.018833,-0.99965,0.018744,0.28531,-0.023341,-0.95815
289.74,284.68,95.579,0.95919,-0.01271,0.28246,-0.018806,-0.99964,0.018879,0.28212,-0.023421,-0.95909
284.78,284.75,94.133,0.95919,-0.012752,0.28246,-0.016162,-0.99982,0.0097464,0.28229,-0.013914,-0.95923
279.82,284.81,92.678,0.95924,-0.012764,0.2823,-0.015249,-0.99986,0.0066088,0.28217,-0.010644,-0.9593
274.86,284.88,91.218,0.95924,-0.01275,0.2823,-0.015236,-0.99986,0.0066126,0.28217,-0.010644,-0.9593
269.9,284.94,89.769,0.96011,-0.012775,0.27932,-0.015228,-0.99986,0.0066104,0.2792,-0.0106,-0.96017
264.94,285.01,88.326,0.96011,-0.012656,0.27932,-0.015113,-0.99986,0.0066436,0.2792,-0.0106,-0.96017
259.98,285.08,86.976,0.9669,-0.012876,0.25483,-0.013894,-0.9999,0.0021952,0.25478,-0.0056631,-0.96698
255.02,285.14,85.645,0.96483,-0.012739,0.26257,-0.015563,-0.99984,0.0086776,0.26241,-0.012459,-0.96487
250.06,285.21,84.354,0.97262,-0.012939,0.23203,-0.015312,-0.99985,0.0084276,0.23189,-0.01175,-0.97267
245.1,285.27,83.172,0.9727,-0.012857,0.23171,-0.0153,-0.99984,0.0087491,0.23156,-0.012055,-0.97275
240.14,285.34,82.04,0.97479,-0.012971,0.22274,-0.012834,-0.99992,-0.0020602,0.22274,-0.00085037,-0.97488
235.18,285.41,80.907,0.97479,-0.012987,0.22274,-0.01285,-0.99992,-0.0020638,0.22274,-0.00085037,-0.97488
230.22,285.47,79.813,0.98017,-0.013042,0.19773,-0.015682,-0.99981,0.011789,0.19754,-0.014656,-0.98019
225.26,285.54,78.813,0.98017,-0.012927,0.19773,-0.015569,-0.99981,0.011812,0.19754,-0.014656,-0.98019
220.3,285.6,77.862,0.98405,-0.013083,0.17739,-0.015494,-0.99981,0.012214,0.17719,-0.014767,-0.98407
215.34,285.67,76.972,0.98422,-0.012993,0.17648,-0.015562,-0.99979,0.013181,0.17627,-0.01572,-0.98422
210.38,285.74,76.122,0.98792,-0.013273,0.1544,-0.015445,-0.9998,0.012877,0.1542,-0.015106,-0.98792
205.42,285.8,75.297,0.98484,-0.012973,0.17298,-0.01475,-0.99985,0.008994,0.17284,-0.011409,-0.98488
200.46,285.87,74.5,0.98938,-0.013165,0.14478,-0.014033,-0.99989,0.0049767,0.1447,-0.0069556,-0.98945
195.5,285.93,73.774,0.98938,-0.013146,0.14478,-0.014015,-0.99989,0.0049794,0.1447,-0.0069556,-0.98945
190.54,286,73.067,0.99284,-0.013211,0.1187,-0.015157,-0.99976,0.01551,0.11847,-0.017198,-0.99281
185.58,286.07,72.474,0.99284,-0.013229,0.1187,-0.015175,-0.99976,0.015507,0.11847,-0.017198,-0.99281
180.62,286.13,71.875,0.99302,-0.013161,0.11723,-0.015411,-0.99971,0.018307,0.11695,-0.019986,-0.99294
175.66,286.2,71.304,0.99347,-0.013186,0.11337,-0.015809,-0.99963,0.022274,0.11304,-0.02392,-0.9933
170.7,286.26,70.746,0.99453,-0.013305,0.10364,-0.015679,-0.99963,0.022126,0.10331,-0.02363,-0.99437
165.74,286.33,70.212,0.99381,-0.013061,0.11032,-0.014946,-0.99976,0.016281,0.11008,-0.017829,-0.99376
160.78,286.4,69.712,0.99614,-0.013255,0.086798,-0.014807,-0.99974,0.017269,0.086547,-0.018487,-0.99608
155.82,286.46,69.28,0.99614,-0.01324,0.086798,-0.014792,-0.99974,0.01727,0.086547,-0.018487,-0.99608
150.86,286.53,68.852,0.99727,-0.01327,0.072675,-0.014801,-0.99968,0.020564,0.072379,-0.021584,-0.99714
145.9,286.59,68.49,0.99727,-0.01329,0.072675,-0.014821,-0.99968,0.020563,0.072379,-0.021584,-0.99714
140.94,286.66,68.124,0.99694,-0.013265,0.077091,-0.014913,-0.99967,0.02084,0.076789,-0.021926,-0.99681
135.98,286.73,67.741,0.99694,-0.013203,0.07709,-0.014851,-0.99967,0.020845,0.076789,-0.021926,-0.99681
131.02,286.79,67.372,0.99852,-0.013287,0.052645,-0.014439,-0.99966,0.021575,0.05234,-0.022304,-0.99838
126.06,286.86,67.11,0.99853,-0.013272,0.052645,-0.014425,-0.99966,0.021576,0.05234,-0.022304,-0.99838
121.1,286.92,66.852,0.99895,-0.013292,0.043779,-0.014263,-0.99966,0.021942,0.043472,-0.022544,-0.9988
116.14,286.99,66.635,0.99895,-0.013355,0.04378,-0.014326,-0.99966,0.021939,0.043472,-0.022544,-0.9988
111.18,287.06,66.403,0.99915,-0.013337,0.03897,-0.014359,-0.99956,0.026054,0.038605,-0.026591,-0.9989
106.22,287.12,66.202,0.99885,-0.013285,0.046082,-0.014141,-0.99973,0.018303,0.045827,-0.018934,-0.99877
101.26,287.19,65.975,0.99948,-0.013308,0.029305,-0.013856,-0.99973,0.018556,0.02905,-0.018953,-0.9994
96.297,287.25,65.827,0.99931,-0.013297,0.034633,-0.01373,-0.99983,0.012289,0.034464,-0.012756,-0.99932
91.337,287.32,65.655,0.99931,-0.013212,0.034632,-0.013645,-0.99983,0.012292,0.034464,-0.012756,-0.99932
86.377,287.39,65.517,0.99954,-0.013219,0.027304,-0.013553,-0.99983,0.012095,0.02714,-0.01246,-0.99955
81.417,287.45,65.415,0.99958,-0.013294,0.025559,-0.013844,-0.99967,0.021457,0.025266,-0.021802,-0.99944
76.456,287.52,65.29,0.99973,-0.01372,0.018814,-0.014278,-0.99945,0.029815,0.018395,-0.030075,-0.99938
71.496,287.58,65.127,0.99921,-0.012835,0.037734,-0.013963,-0.99946,0.029777,0.037331,-0.03028,-0.99884
66.536,287.65,65.016,0.99975,-0.012833,0.018305,-0.013329,-0.99954,0.027222,0.017947,-0.027459,-0.99946
61.576,287.72,65.011,0.99991,-0.013358,-0.0007485,-0.013311,-0.99891,0.044774,-0.0013458,-0.04476,-0.999
56.616,287.78,65.009,0.99991,-0.013305,0.00059621,-0.013318,-0.99891,0.044762,-0,-0.044766,-0.999
51.656,287.85,65.006,0.99991,-0.013305,0.00059622,-0.013319,-0.99891,0.044762,-0,-0.044766,-0.999
46.696,287.91,65.003,0.99991,-0.013305,0.00060225,-0.013319,-0.99891,0.044762,6.034e-06,-0.044766,-0.999
41.736,287.98,65,0.99991,-0.013305,0.00059927,-0.013319,-0.99891,0.044765,3.0146e-06,-0.044769,-0.999
36.776,288.05,64.997,0.99991,-0.013305,0.00059929,-0.013319,-0.99891,0.044765,3.0195e-06,-0.044769,-0.999
31.816,288.11,64.994,0.99991,-0.013305,0.00060845,-0.013319,-0.99891,0.044775,1.2068e-05,-0.044779,-0.999
26.856,288.18,64.991,0.99991,-0.013305,0.00060242,-0.013319,-0.99891,0.044775,6.0341e-06,-0.044779,-0.999
378.15,273.98,110.77,0.99966,0.01672,0.020105,0.018113,-0.9973,-0.07123,0.01886,0.07157,-0.99726
373.2,273.9,110.65,0.99926,0.016407,0.034848,0.018803,-0.9974,-0.069569,0.033616,0.070173,-0.99697
368.24,273.82,110.47,0.99924,0.017531,0.034927,0.019929,-0.99738,-0.06953,0.033616,0.070173,-0.99697
363.29,273.74,110.22,0.99549,0.016345,0.093455,0.02249,-0.99763,-0.065083,0.09217,0.066891,-0.99349
358.33,273.66,109.75,0.99548,0.016697,0.093478,0.022841,-0.99762,-0.06505,0.09217,0.066891,-0.99349
353.38,273.58,109.26,0.98992,0.016254,0.14072,0.025801,-0.99747,-0.066289,0.13929,0.069251,-0.98783
348.42,273.5,108.56,0.98991,0.016335,0.14073,0.025882,-0.99747,-0.066277,0.13929,0.069251,-0.98783
343.47,273.42,107.85,0.98766,0.016217,0.15577,0.026746,-0.99748,-0.06574,0.15431,0.069095,-0.9856
338.52,273.33,107.07,0.98763,0.017195,0.15583,0.027715,-0.99746,-0.065587,0.15431,0.069095,-0.9856
333.56,273.25,106.21,0.97535,0.01515,0.22014,0.034945,-0.99566,-0.086306,0.21788,0.091871,-0.97164
328.61,273.17,105.14,0.9805,0.016099,0.19588,0.032033,-0.9964,-0.078453,0.19391,0.083198,-0.97748
323.65,273.09,104.15,0.98036,0.020214,0.1962,0.036082,-0.99633,-0.077644,0.19391,0.083198,-0.97748
318.7,273.01,102.89,0.96903,0.015911,0.24644,0.05617,-0.98597,-0.15721,0.24048,0.16618,-0.95632
313.74,272.93,101.63,0.96889,0.018261,0.24681,0.058479,-0.98593,-0.15662,0.24048,0.16618,-0.95632
308.79,272.85,100.3,0.96427,0.016251,0.26441,0.059897,-0.98564,-0.15786,0.25805,0.16806,-0.9514
303.83,272.76,98.924,0.95572,0.01481,0.29391,0.062868,-0.98595,-0.15475,0.28749,0.16638,-0.94322
298.88,272.68,97.43,0.95744,0.015105,0.28824,0.063595,-0.98513,-0.15962,0.28154,0.17116,-0.94416
293.93,272.6,95.958,0.96203,0.017534,0.27236,0.061853,-0.98598,-0.155,0.26583,0.16596,-0.94963
288.97,272.52,94.498,0.95947,0.016618,0.28131,0.038296,-0.99669,-0.071743,0.27918,0.079609,-0.95693
284.02,272.44,92.984,0.95566,0.014518,0.2941,0.067147,-0.98321,-0.16965,0.2867,0.18188,-0.9406
279.06,272.36,91.494,0.95792,0.015744,0.28659,0.067148,-0.98308,-0.17043,0.27906,0.1825,-0.94277
274.11,272.28,90.012,0.9576,0.015068,0.28772,0.067017,-0.98289,-0.17157,0.28021,0.18358,-0.94222
269.15,272.19,88.542,0.95876,0.015742,0.28379,0.067278,-0.98266,-0.17279,0.27615,0.18475,-0.94319
264.2,272.11,87.076,0.95891,0.013433,0.28338,0.065025,-0.98269,-0.17345,0.27615,0.18475,-0.94319
259.24,272.03,85.679,0.96311,0.014911,0.26871,0.061319,-0.98436,-0.16515,0.26205,0.17553,-0.94896
254.29,271.95,84.325,0.96205,0.010628,0.27266,0.062988,-0.9809,-0.18401,0.2655,0.1942,-0.94435
249.34,271.87,83.062,0.97118,0.015946,0.2378,0.062156,-0.98018,-0.18812,0.23008,0.19748,-0.95292
244.38,271.79,81.849,0.97122,0.015449,0.2377,0.061663,-0.98019,-0.18824,0.23008,0.19748,-0.95292
239.43,271.71,80.65,0.97224,0.016098,0.23343,0.061374,-0.98024,-0.18803,0.22579,0.19713,-0.95402
234.47,271.63,79.457,0.9717,0.010272,0.23598,0.057097,-0.97964,-0.19247,0.2292,0.2005,-0.95251
229.52,271.54,78.401,0.97918,0.016078,0.20233,0.056362,-0.97919,-0.19495,0.19499,0.2023,-0.95972
224.56,271.46,77.377,0.97933,0.013534,0.20183,0.053818,-0.97923,-0.19548,0.19499,0.2023,-0.95972
219.61,271.38,76.421,0.98288,0.015652,0.18359,0.051544,-0.97996,-0.1924,0.1769,0.19857,-0.96399
214.65,271.3,75.508,0.98574,0.018136,0.16729,0.04925,-0.98173,-0.18377,0.1609,0.18939,-0.96863
209.7,271.22,74.615,0.98124,0.011276,0.19247,0.052386,-0.97633,-0.20987,0.18555,0.21601,-0.9586
204.75,271.14,73.757,0.98542,0.01455,0.16954,0.053825,-0.97183,-0.22945,0.16142,0.23523,-0.95844
199.79,271.06,72.939,0.98962,0.016249,0.14281,0.05166,-0.96741,-0.2479,0.13413,0.25271,-0.9582
194.84,270.97,72.224,0.98972,0.014228,0.14229,0.049593,-0.96744,-0.2482,0.13413,0.25271,-0.9582
189.88,270.89,71.551,0.99247,0.016296,0.12138,0.046932,-0.96606,-0.25404,0.11312,0.25782,-0.95955
184.93,270.81,70.945,0.99243,0.017071,0.12159,0.047728,-0.96604,-0.25394,0.11312,0.25782,-0.95955
179.97,270.73,70.323,0.99158,0.016188,0.12852,0.048716,-0.96592,-0.2542,0.12002,0.25832,-0.95858
175.02,270.65,69.683,0.99208,0.014966,0.12471,0.046174,-0.96681,-0.25129,0.11681,0.25506,-0.95984
170.06,270.57,69.086,0.99342,0.016311,0.11334,0.044678,-0.96656,-0.25251,0.10543,0.25591,-0.96093
165.11,270.49,68.52,0.99352,0.014113,0.11276,0.042419,-0.9666,-0.25276,0.10543,0.25591,-0.96093
160.16,270.41,68,0.99625,0.017129,0.084795,0.038481,-0.96563,-0.25704,0.077478,0.25934,-0.96267
155.2,270.32,67.564,0.99595,0.015687,0.088527,0.037682,-0.96683,-0.25261,0.081628,0.25492,-0.96351
150.25,270.24,67.136,0.99657,0.016054,0.081181,0.03615,-0.9669,-0.25256,0.074439,0.25463,-0.96417
145.29,270.16,66.738,0.99681,0.016258,0.07811,0.035917,-0.96565,-0.25737,0.071243,0.25935,-0.96315
140.34,270.08,66.352,0.99692,0.016536,0.07668,0.035817,-0.96564,-0.25742,0.069789,0.25937,-0.96325
135.38,270,65.968,0.99675,0.016959,0.078709,0.036543,-0.96637,-0.25455,0.071745,0.2566,-0.96385
130.43,269.92,65.566,0.99653,0.012019,0.082408,0.032867,-0.96597,-0.25657,0.07652,0.25839,-0.96301
125.47,269.84,65.237,0.9989,0.017012,0.043587,0.026243,-0.97494,-0.22091,0.038737,0.22181,-0.97432
120.52,269.75,65.008,0.99831,0.014532,0.056321,0.026637,-0.97501,-0.22057,0.051709,0.22169,-0.97374
115.56,269.67,64.769,0.99838,0.016425,0.054386,0.030247,-0.96402,-0.2641,0.048091,0.26532,-0.96296
110.61,269.59,64.498,0.99767,0.015071,0.066564,0.032236,-0.96372,-0.26495,0.060157,0.26648,-0.96196
105.66,269.51,64.192,0.99811,0.015701,0.059331,0.031302,-0.96177,-0.27207,0.052791,0.27341,-0.96045
100.7,269.43,63.909,0.99914,0.0162,0.038152,0.026026,-0.96158,-0.27328,0.032259,0.27404,-0.96118
95.747,269.35,63.723,0.99919,0.016331,0.036911,0.025851,-0.96124,-0.27448,0.030998,0.27521,-0.96088
90.793,269.27,63.542,0.99941,0.016322,0.030305,0.024023,-0.96129,-0.2745,0.024652,0.27506,-0.96111
85.838,269.18,63.393,0.99943,0.016514,0.029278,0.023947,-0.96104,-0.27538,0.02359,0.27592,-0.96089
80.884,269.1,63.246,0.99919,0.016388,0.03662,0.025846,-0.96106,-0.27514,0.030685,0.27587,-0.96071
75.929,269.02,63.065,0.99921,0.016322,0.036368,0.02572,-0.961,-0.27535,0.030455,0.27607,-0.96066
70.975,268.94,62.886,0.99977,0.016387,0.014161,0.01966,-0.96096,-0.27597,0.0090854,0.27618,-0.96106
66.021,268.86,62.816,0.99977,0.016416,0.01368,0.019558,-0.96084,-0.2764,0.0086067,0.2766,-0.96095
61.066,268.78,62.748,0.99982,0.014098,0.013013,0.017146,-0.96088,-0.27643,0.0086067,0.2766,-0.96095
56.112,268.7,62.724,0.99985,0.016417,0.0047347,0.017086,-0.96084,-0.27657,8.7066e-06,0.27661,-0.96098
51.157,268.62,62.7,0.99985,0.016416,0.0047364,0.017085,-0.96084,-0.27657,1.0787e-05,0.27661,-0.96098
46.203,268.53,62.677,0.99985,0.016419,0.0047322,0.017087,-0.96084,-0.27657,5.8044e-06,0.27661,-0.96098
41.248,268.45,62.654,0.99985,0.016412,0.0047403,0.017083,-0.96084,-0.27658,1.5332e-05,0.27662,-0.96098
36.294,268.37,62.63,0.99985,0.016419,0.0047232,0.017085,-0.96084,-0.27658,-2.9022e-06,0.27662,-0.96098
31.339,268.29,62.607,0.99985,0.016415,0.0047319,0.017084,-0.96084,-0.27659,6.2074e-06,0.27663,-0.96098
26.385,268.21,62.583,0.99985,0.016417,0.0047259,0.017084,-0.96084,-0.27659,-0,0.27663,-0.96098
378.75,269.85,110.19,-0.14288,0.97831,0.14996,0.98952,0.13802,0.04234,0.020724,0.15444,-0.98779
379.36,265.72,109.56,-0.14137,0.97849,0.15025,0.98973,0.13647,0.042444,0.021025,0.15471,-0.98774
379.96,261.58,108.77,-0.13983,0.95746,0.25244,0.98996,0.12982,0.055972,0.02082,0.25773,-0.96599
380.57,257.45,107.68,-0.13969,0.95741,0.25268,0.98998,0.12972,0.055771,0.020618,0.25794,-0.96594
381.17,253.32,106.58,-0.1387,0.95025,0.27891,0.99011,0.12712,0.059278,0.020875,0.28437,-0.95849
381.77,249.18,105.36,-0.13412,0.95032,0.2809,0.99076,0.12285,0.057439,0.020076,0.28601,-0.95802
382.38,245.05,103.79,-0.13466,0.92474,0.35599,0.99068,0.11821,0.067674,0.020497,0.36179,-0.93204
382.98,240.92,102.17,-0.13056,0.89394,0.42875,0.99117,0.1076,0.077476,0.023125,0.43508,-0.90009
383.58,236.78,100.19,-0.12835,0.89418,0.42892,0.99146,0.10561,0.07652,0.023125,0.43508,-0.90009
384.19,232.65,98.071,-0.12525,0.85759,0.49885,0.99179,0.12139,0.040335,-0.025963,0.4998,-0.86575
384.79,228.52,95.666,-0.12371,0.85778,0.49891,0.99198,0.12006,0.039561,-0.025963,0.4998,-0.86575
385.39,224.38,93.073,-0.12071,0.8387,0.53105,0.99215,0.11949,0.036804,-0.032587,0.53132,-0.84654
386,220.25,90.218,-0.1149,0.78673,0.60651,0.99284,0.11096,0.044155,-0.032563,0.60724,-0.79385
386.6,216.12,87.032,-0.11264,0.78698,0.60661,0.9931,0.10917,0.042772,-0.032563,0.60724,-0.79385
387.21,211.98,83.565,-0.10805,0.75928,0.64173,0.99363,0.10333,0.045038,-0.032115,0.64251,-0.76561
387.81,207.85,79.73,-0.10222,0.7133,0.69336,0.99425,0.095581,0.048246,-0.031859,0.69431,-0.71897
388.41,203.72,75.478,-0.095708,0.66698,0.7389,0.9949,0.087817,0.049597,-0.031808,0.73988,-0.67198
389.02,199.58,70.687,-0.087516,0.60223,0.79351,0.99557,0.080375,0.048801,-0.034389,0.79427,-0.60659
389.62,195.45,65.179,-0.082807,0.57637,0.81298,0.99607,0.073617,0.049264,-0.031456,0.81387,-0.5802
390.22,191.32,59.15,-0.080435,0.51221,0.85509,0.99621,0.069762,0.051921,-0.033058,0.85602,-0.51588
349.72,269.71,108.15,-0.32291,0.93985,0.11144,0.93633,0.30009,0.18228,0.13787,0.1632,-0.97691
351.02,265.93,107.72,-0.31941,0.94152,0.10735,0.93696,0.29684,0.18437,0.14172,0.15947,-0.97698
352.31,262.15,107.22,-0.3159,0.93162,0.17971,0.93801,0.27819,0.20674,0.14261,0.23388,-0.96175
353.61,258.37,106.42,-0.31423,0.92842,0.19825,0.94069,0.27636,0.19681,0.12794,0.24833,-0.96019
354.91,254.58,105.54,-0.31233,0.92226,0.22779,0.94597,0.27996,0.16356,0.087073,0.26657,-0.95987
356.2,250.8,104.51,-0.30876,0.90075,0.30548,0.94627,0.25845,0.19437,0.096124,0.34908,-0.93215
357.5,247.02,103.23,-0.30817,0.90091,0.3056,0.94646,0.25788,0.19418,0.096124,0.34908,-0.93215
358.8,243.24,101.93,-0.29702,0.90257,0.31167,0.95033,0.24762,0.18859,0.093037,0.3522,-0.93129
360.09,239.46,100.37,-0.29813,0.87164,0.38906,0.94979,0.23033,0.21178,0.094983,0.43266,-0.89654
361.39,235.67,98.665,-0.29223,0.87171,0.39334,0.95186,0.22531,0.20786,0.092568,0.43515,-0.89559
362.69,231.89,96.828,-0.2862,0.83747,0.46555,0.95432,0.20564,0.21674,0.085776,0.50632,-0.85807
363.98,228.11,94.708,-0.27952,0.82615,0.48922,0.95573,0.19066,0.2241,0.091871,0.53021,-0.84287
365.28,224.33,92.396,-0.27235,0.82019,0.5031,0.96136,0.21014,0.17783,0.040138,0.53209,-0.84574
366.58,220.54,89.857,-0.26462,0.7718,0.57819,0.96352,0.18673,0.19171,0.039994,0.60783,-0.79306
367.87,216.76,87.025,-0.25651,0.77372,0.57928,0.9657,0.1801,0.18706,0.040406,0.60739,-0.79338
369.17,212.98,83.973,-0.24897,0.7483,0.61487,0.96767,0.16575,0.1901,0.040339,0.64232,-0.76537
370.47,209.2,80.671,-0.24082,0.70518,0.66688,0.96971,0.14594,0.19585,0.040784,0.69385,-0.71897
371.76,205.41,77.07,-0.22663,0.66114,0.71521,0.97314,0.12315,0.19452,0.040525,0.74008,-0.67129
373.06,201.63,72.979,-0.20916,0.66325,0.71858,0.97704,0.11129,0.18167,0.040525,0.74008,-0.67129
374.35,197.85,68.323,-0.19906,0.59799,0.77639,0.97974,0.10351,0.17147,0.02218,0.79479,-0.60648
375.65,194.07,63.198,-0.18554,0.5735,0.79792,0.98238,0.089826,0.16388,0.022309,0.81427,-0.58006
376.95,190.28,57.499,-0.16445,0.51213,0.84302,0.98613,0.065827,0.15238,0.022543,0.85638,-0.51585
378.24,186.5,50.742,-0.14234,0.4396,0.88684,0.98957,0.043061,0.13749,0.02225,0.89716,-0.44114
379.54,182.72,42.595,-0.14302,0.41041,0.90062,0.98946,0.03844,0.13961,0.022679,0.91109,-0.41158
325.21,269.25,103.81,-0.37484,0.92349,0.081585,0.90425,0.34477,0.25193,0.20453,0.16821,-0.9643
326.77,265.41,103.48,-0.36836,0.92619,0.080536,0.90636,0.33848,0.25287,0.20695,0.16614,-0.96414
328.33,261.56,103.03,-0.37047,0.91192,0.17651,0.90805,0.31558,0.27543,0.19547,0.26231,-0.94498
329.89,257.72,102.3,-0.37046,0.91315,0.17005,0.90695,0.31608,0.27847,0.20053,0.25739,-0.94527
331.45,253.88,101.58,-0.35663,0.91785,0.17426,0.91247,0.30217,0.27585,0.20053,0.25739,-0.94527
333,250.04,100.63,-0.36134,0.89498,0.26162,0.90999,0.27729,0.30827,0.20335,0.34946,-0.91462
334.56,246.19,99.488,-0.3567,0.89247,0.27616,0.92107,0.28654,0.26367,0.15619,0.34842,-0.92424
336.12,242.35,98.219,-0.35219,0.86813,0.34973,0.92369,0.26218,0.27938,0.15085,0.42144,-0.89422
337.68,238.51,96.671,-0.34493,0.87016,0.35191,0.92643,0.25536,0.27663,0.15085,0.42144,-0.89422
339.24,234.67,94.997,-0.34124,0.85222,0.39659,0.92579,0.2317,0.2987,0.16266,0.46909,-0.86804
340.8,230.82,93.146,-0.33215,0.82599,0.45544,0.92944,0.20438,0.30718,0.16065,0.52533,-0.83559
342.36,226.98,90.987,-0.33267,0.82,0.46576,0.93079,0.20615,0.30188,0.15152,0.53395,-0.83183
343.92,223.14,88.804,-0.30421,0.82589,0.47472,0.94048,0.18112,0.28757,0.15152,0.53395,-0.83183
345.47,219.3,86.126,-0.31233,0.77853,0.54438,0.93895,0.16597,0.30137,0.14427,0.60527,-0.78284
347.03,215.46,83.386,-0.30209,0.7719,0.55939,0.94221,0.15262,0.29824,0.14484,0.61715,-0.7734
348.59,211.61,80.427,-0.28581,0.69987,0.65459,0.94977,0.11604,0.29063,0.12745,0.70478,-0.69789
350.15,207.77,76.868,-0.27023,0.71363,0.6463,0.95222,0.098867,0.28898,0.14233,0.69351,-0.70625
351.71,203.93,73.046,-0.26191,0.67212,0.69258,0.95461,0.074923,0.28829,0.14188,0.73665,-0.66123
353.27,200.09,68.883,-0.2425,0.60037,0.76207,0.96462,0.065471,0.25538,0.10343,0.79704,-0.595
354.83,196.24,63.98,-0.22858,0.59377,0.77149,0.96805,0.054703,0.24472,0.1031,0.80278,-0.5873
356.39,192.4,58.673,-0.20852,0.51718,0.83009,0.97373,0.030388,0.22567,0.091485,0.85534,-0.50993
357.94,188.56,52.464,-0.16937,0.51478,0.84043,0.98084,0.0047113,0.19478,0.096306,0.85731,-0.50571
359.5,184.72,44.708,-0.17923,0.4166,0.89125,0.97992,-0.0048872,0.19935,0.087402,0.90908,-0.40735
314.99,268.92,101.25,-0.29698,0.95059,0.090507,0.92411,0.26224,0.27795,0.24048,0.16618,-0.95632
316.24,264.92,100.87,-0.28339,0.95455,0.092291,0.9279,0.24862,0.27782,0.24225,0.16437,-0.95619
317.49,260.92,100.28,-0.29258,0.9387,0.18233,0.92304,0.22743,0.31027,0.24978,0.25907,-0.933
318.74,256.91,99.494,-0.29044,0.93749,0.19173,0.92559,0.22441,0.30483,0.24275,0.26599,-0.93291
320,252.91,98.645,-0.28707,0.91763,0.27486,0.92929,0.19718,0.3123,0.23238,0.34508,-0.90935
321.25,248.9,97.452,-0.2864,0.91901,0.27091,0.92863,0.19665,0.31461,0.23586,0.34168,-0.90974
322.5,244.9,96.263,-0.27883,0.90756,0.31399,0.92693,0.16885,0.33508,0.25109,0.38448,-0.88833
323.75,240.9,94.822,-0.2661,0.89593,0.35567,0.94608,0.17204,0.27446,0.1847,0.40952,-0.89341
325,236.89,93.021,-0.2747,0.87508,0.39847,0.94125,0.16007,0.29736,0.19643,0.45675,-0.86764
326.25,232.89,91.218,-0.24936,0.88454,0.39423,0.94632,0.13611,0.29318,0.20567,0.44618,-0.87099
327.5,228.89,89.041,-0.25872,0.84342,0.47086,0.94461,0.119,0.30587,0.20195,0.52391,-0.82749
328.75,224.88,86.737,-0.25228,0.80088,0.54309,0.94566,0.085088,0.31381,0.20512,0.59275,-0.77883
330,220.88,84.054,-0.23342,0.81125,0.5361,0.95306,0.081513,0.29161,0.19287,0.579,-0.79219
331.25,216.87,81.086,-0.23569,0.78465,0.57339,0.94787,0.055395,0.31382,0.21447,0.61746,-0.7568
332.5,212.87,78.016,-0.22737,0.72801,0.64676,0.94962,0.018648,0.31285,0.2157,0.68531,-0.69557
333.75,208.87,74.459,-0.19979,0.72825,0.65555,0.9558,-0.0024327,0.294,0.2157,0.68531,-0.69557
335,204.86,70.361,-0.19012,0.67972,0.7084,0.96941,0.015861,0.24495,0.15526,0.7333,-0.66194
336.25,200.86,65.671,-0.18881,0.61742,0.76364,0.96914,-0.0083408,0.24637,0.15848,0.78659,-0.5968
337.5,196.85,60.617,-0.16149,0.59844,0.78472,0.97448,-0.02893,0.22261,0.15592,0.80064,-0.5785
338.75,192.85,54.622,-0.14997,0.52221,0.83953,0.97622,-0.056245,0.20938,0.15656,0.85096,-0.50135
340,188.85,47.716,-0.1619,0.45795,0.87411,0.97325,-0.072205,0.21809,0.16299,0.88604,-0.43401
295.2,268.56,95.609,-0.29807,0.95095,0.082757,0.91678,0.26105,0.30225,0.26583,0.16596,-0.94963
296.48,264.51,95.226,-0.28893,0.95243,0.096948,0.91493,0.24489,0.32084,0.28184,0.1814,-0.94216
297.76,260.47,94.67,-0.29449,0.93704,0.1877,0.90793,0.21304,0.36093,0.29822,0.27671,-0.91351
299.04,256.43,93.843,-0.29262,0.93545,0.19824,0.91109,0.2098,0.35483,0.29034,0.28444,-0.91367
300.31,252.38,92.954,-0.28946,0.9127,0.28844,0.91522,0.17565,0.36266,0.28034,0.36896,-0.88616
301.59,248.34,91.689,-0.28893,0.91458,0.28294,0.91386,0.17542,0.36618,0.28527,0.36437,-0.88649
302.87,244.29,90.437,-0.26467,0.9189,0.29252,0.92118,0.15118,0.35857,0.28527,0.36437,-0.88649
304.15,240.25,88.86,-0.2788,0.88252,0.37873,0.92579,0.14215,0.35029,0.2553,0.44829,-0.85666
305.42,236.21,87.125,-0.25783,0.8855,0.38654,0.93185,0.12219,0.34165,0.2553,0.44829,-0.85666
306.7,232.16,85.087,-0.25817,0.85065,0.45797,0.93208,0.094631,0.34967,0.25411,0.51714,-0.81731
307.98,228.12,82.775,-0.26283,0.82052,0.50761,0.92937,0.07396,0.36165,0.2592,0.56681,-0.78201
309.26,224.07,80.319,-0.23037,0.82942,0.50892,0.93556,0.044897,0.35031,0.26771,0.55682,-0.78631
310.53,220.03,77.426,-0.23287,0.77546,0.58689,0.93459,0.011575,0.35554,0.26891,0.63129,-0.72743
311.81,215.98,74.199,-0.23567,0.74602,0.62283,0.9398,0.011768,0.34151,0.24744,0.66582,-0.70389
313.09,211.94,70.823,-0.19942,0.74546,0.63602,0.94851,-0.01616,0.31633,0.24609,0.66636,-0.70385
314.37,207.9,66.785,-0.19852,0.68941,0.69664,0.94756,-0.046611,0.31616,0.25043,0.72287,-0.644
315.64,203.85,62.36,-0.17653,0.64683,0.74192,0.95701,-0.063443,0.28302,0.23014,0.75999,-0.60782
316.92,199.81,57.134,-0.17075,0.57096,0.80303,0.95584,-0.10187,0.27567,0.23919,0.81464,-0.52835
318.2,195.76,51.209,-0.13047,0.53651,0.83375,0.96161,-0.13629,0.23818,0.24142,0.83282,-0.49813
319.48,191.72,43.737,-0.15523,0.44741,0.88075,0.95737,-0.15173,0.24581,0.24362,0.88136,-0.40478
275.55,268.29,89.665,-0.33991,0.93692,0.081464,0.89775,0.29744,0.32493,0.28021,0.18358,-0.94222
277,264.31,89.319,-0.31872,0.94365,0.089076,0.90548,0.27535,0.32293,0.28021,0.18358,-0.94222
278.44,260.33,88.663,-0.33476,0.92535,0.17795,0.89953,0.25757,0.35285,0.28067,0.27819,-0.9186
279.89,256.34,87.887,-0.32498,0.92729,0.18577,0.90407,0.24697,0.34879,0.27755,0.2813,-0.9186
281.33,252.36,86.962,-0.32692,0.90897,0.25866,0.90095,0.21713,0.37568,0.28531,0.35586,-0.88992
282.78,248.38,85.799,-0.31422,0.90911,0.27347,0.908,0.2037,0.36613,0.27714,0.36336,-0.88947
284.22,244.4,84.431,-0.31255,0.88987,0.33233,0.90976,0.17979,0.37419,0.27323,0.41929,-0.86576
285.67,240.41,82.832,-0.31143,0.85801,0.40844,0.9085,0.14281,0.39271,0.27862,0.49337,-0.82399
287.11,236.43,80.937,-0.30343,0.86392,0.40196,0.9084,0.13493,0.39574,0.28765,0.48522,-0.82573
288.56,232.45,78.979,-0.29625,0.8166,0.49538,0.91309,0.089984,0.39772,0.2802,0.57015,-0.77228
290,228.46,76.562,-0.28545,0.8176,0.50005,0.91652,0.080339,0.39184,0.28019,0.57016,-0.77228
291.45,224.48,73.999,-0.28063,0.79831,0.53287,0.91718,0.059406,0.39403,0.2829,0.59931,-0.74886
292.89,220.5,71.236,-0.26857,0.7403,0.6163,0.91922,0.0057225,0.3937,0.28793,0.67226,-0.68203
294.34,216.52,67.921,-0.2425,0.74016,0.62718,0.92644,-0.015188,0.37614,0.28793,0.67226,-0.68203
295.78,212.53,64.201,-0.23646,0.69567,0.67833,0.9286,-0.043684,0.36851,0.28599,0.71704,-0.63566
297.23,208.55,60.088,-0.22307,0.63163,0.74249,0.93179,-0.085584,0.35275,0.28635,0.77053,-0.56946
298.67,204.57,55.305,-0.21209,0.58984,0.77917,0.93205,-0.11759,0.34273,0.29378,0.79891,-0.52482
300.12,200.58,50.008,-0.17622,0.51171,0.84089,0.94269,-0.15818,0.29381,0.28335,0.84447,-0.45451
301.56,196.6,43.228,-0.22405,0.44994,0.8645,0.93541,-0.14967,0.32032,0.27352,0.88043,-0.38734
303.01,192.62,37.147,-0.156,0.67667,0.71957,0.95923,-0.07004,0.27382,0.23569,0.73295,-0.63815
260.56,267.96,85.258,-0.30446,0.94321,0.13291,0.90833,0.24549,0.33863,0.28677,0.22382,-0.93149
261.87,263.89,84.684,-0.28821,0.94744,0.13893,0.91362,0.22862,0.33621,0.28677,0.22382,-0.93149
263.19,259.82,83.881,-0.30009,0.92967,0.2137,0.91052,0.21236,0.35476,0.28443,0.30104,-0.91021
264.5,255.75,82.946,-0.29259,0.93138,0.21661,0.91296,0.2047,0.35299,0.28443,0.30104,-0.91021
265.81,251.68,81.908,-0.28839,0.89341,0.34444,0.91868,0.15677,0.36255,0.26991,0.42099,-0.86598
267.13,247.61,80.338,-0.29111,0.89295,0.34337,0.91782,0.15942,0.36357,0.26991,0.42099,-0.86598
268.44,243.53,78.806,-0.25647,0.90107,0.34972,0.92628,0.12578,0.35523,0.2761,0.41504,-0.8669
269.76,239.46,76.821,-0.27097,0.86323,0.42591,0.92036,0.10274,0.37732,0.28196,0.49424,-0.82233
271.07,235.39,74.724,-0.26875,0.83856,0.47391,0.91599,0.070347,0.39498,0.29787,0.54025,-0.78702
272.39,231.32,72.401,-0.25531,0.79135,0.5555,0.92287,0.028137,0.38407,0.28831,0.61071,-0.7375
273.7,227.25,69.542,-0.24069,0.79154,0.56172,0.93104,0.024735,0.36408,0.27429,0.61061,-0.74291
275.01,223.18,66.458,-0.2377,0.74477,0.62356,0.93099,-0.0084207,0.36495,0.27706,0.66727,-0.69137
276.33,219.11,63.012,-0.22486,0.69203,0.68595,0.93425,-0.046872,0.35354,0.27681,0.72034,-0.63599
277.64,215.04,58.999,-0.18702,0.69634,0.69292,0.94041,-0.07702,0.33121,0.28401,0.71357,-0.64044
278.96,210.97,54.322,-0.17995,0.62694,0.758,0.94111,-0.11451,0.31813,0.28624,0.77061,-0.56941
280.27,206.9,48.969,-0.16437,0.56263,0.8102,0.9439,-0.14879,0.29482,0.28642,0.81321,-0.50661
281.58,202.82,42.707,-0.28471,0.54135,0.79113,0.91625,-0.088963,0.39061,0.28184,0.83608,-0.47068
282.9,198.75,38.697,-0.24655,0.7302,0.6372,0.96861,0.16408,0.18675,0.031812,0.66323,-0.74773
284.21,194.68,35.458,-0.27848,0.86271,0.42211,0.96038,0.24534,0.13217,0.010462,0.44219,-0.89686
285.53,190.61,33.467,-0.27848,0.86288,0.42177,0.96039,0.2454,0.13206,0.010452,0.44184,-0.89703
240.25,267.44,79.962,-0.18456,0.97023,0.1568,0.95653,0.14067,0.25545,0.22579,0.19713,-0.95402
241.07,263.17,79.238,-0.18329,0.93286,0.31013,0.96062,0.10294,0.25811,0.20885,0.34522,-0.91499
241.89,258.9,77.883,-0.18068,0.93908,0.29237,0.95808,0.10085,0.26815,0.22232,0.32857,-0.91794
242.71,254.63,76.554,-0.16239,0.94083,0.29743,0.96135,0.082938,0.26253,0.22232,0.32857,-0.91794
243.53,250.36,74.895,-0.16031,0.91535,0.36936,0.96595,0.068485,0.24951,0.2031,0.39678,-0.89516
244.35,246.09,72.887,-0.16696,0.88898,0.42642,0.96093,0.049875,0.27226,0.22077,0.45522,-0.86258
245.18,241.82,70.77,-0.16049,0.82625,0.53996,0.96193,0.0083193,0.27318,0.22123,0.56324,-0.79613
246,237.56,68.008,-0.14261,0.84383,0.51731,0.95892,-0.011709,0.28345,0.24524,0.53648,-0.8075
246.82,233.29,65.053,-0.14071,0.7977,0.58641,0.96185,-0.030234,0.27192,0.23464,0.6023,-0.76301
247.64,229.02,61.673,-0.14235,0.73545,0.66246,0.96324,-0.051115,0.26373,0.22782,0.67565,-0.70114
248.46,224.75,57.846,-0.12821,0.67074,0.73053,0.96387,-0.089166,0.25102,0.23351,0.73632,-0.63507
249.28,220.48,53.176,-0.1093,0.66165,0.74181,0.96339,-0.11329,0.24299,0.24482,0.74121,-0.62504
250.1,216.21,47.929,-0.12625,0.61035,0.78201,0.9638,-0.11115,0.24235,0.23484,0.78429,-0.57422
250.92,211.94,42.705,-0.25511,0.63959,0.72515,0.93754,-0.019821,0.34731,0.23651,0.76846,-0.59459
251.75,207.67,40.244,-0.17532,0.8962,0.40754,0.97898,0.1149,0.16848,0.10417,0.42851,-0.89751
252.57,203.4,38.383,-0.17844,0.92708,0.32966,0.98381,0.17384,0.043636,-0.016856,0.33211,-0.94309
253.39,199.14,36.873,-0.17798,0.9282,0.32676,0.98403,0.16793,0.058968,-0.00013802,0.33204,-0.94327
254.21,194.87,35.323,-0.17385,0.90627,0.38529,0.98477,0.15909,0.070138,0.0022691,0.39162,-0.92012
255.03,190.6,33.474,-0.17423,0.88064,0.44058,0.9847,0.15481,0.079985,0.0022335,0.44778,-0.89414
220.51,267.04,75.683,-0.18911,0.96758,0.16742,0.96632,0.15307,0.20688,0.17455,0.2009,-0.96394
221.42,262.7,74.673,-0.17845,0.96204,0.20648,0.97175,0.13937,0.19048,0.15447,0.23464,-0.95973
222.32,258.36,73.237,-0.19251,0.92457,0.32879,0.95849,0.10535,0.26497,0.21034,0.36615,-0.90647
223.22,254.01,71.693,-0.17335,0.92649,0.33402,0.96214,0.08688,0.25835,0.21034,0.36615,-0.90647
224.13,249.67,69.787,-0.18468,0.88468,0.42805,0.96299,0.075875,0.25865,0.19635,0.45997,-0.86595
225.03,245.33,67.695,-0.15674,0.89165,0.42473,0.96572,0.048261,0.25507,0.20693,0.45015,-0.86864
225.94,240.99,65.093,-0.16061,0.83072,0.53302,0.9691,0.030307,0.24478,0.18719,0.55586,-0.80992
226.84,236.65,62.052,-0.15937,0.79718,0.58233,0.96768,0.0093687,0.25201,0.19544,0.60367,-0.77291
227.74,232.31,58.742,-0.15039,0.72243,0.67489,0.96804,-0.03097,0.24887,0.20069,0.69075,-0.69469
228.65,227.96,54.685,-0.13541,0.65687,0.74174,0.97206,-0.056804,0.22776,0.19174,0.75186,-0.63083
229.55,223.62,49.744,-0.15624,0.65482,0.73946,0.9697,-0.040653,0.24089,0.1878,0.75469,-0.62863
230.46,219.28,45.372,-0.20911,0.7017,0.68109,0.95961,0.013199,0.28102,0.1882,0.71235,-0.67612
231.36,214.94,42.489,-0.18275,0.8361,0.51723,0.98297,0.16575,0.079384,-0.019357,0.52293,-0.85215
232.26,210.6,40.36,-0.1979,0.94976,0.24247,0.98022,0.19161,0.049502,0.00055502,0.24747,-0.96889
233.17,206.26,39.265,-0.19602,0.95236,0.23364,0.97974,0.18024,0.087301,0.041031,0.24602,-0.9684
234.07,201.91,38.083,-0.19064,0.91767,0.34863,0.98164,0.18059,0.061424,-0.0065919,0.35394,-0.93524
234.98,197.57,36.4,-0.18912,0.91523,0.35579,0.98195,0.17632,0.068388,-0.00014358,0.36231,-0.93206
235.88,193.23,34.613,-0.18913,0.90117,0.39003,0.98195,0.17322,0.075936,0.00087147,0.39736,-0.91766
200.11,266.58,71.881,-0.06804,0.97135,0.2277,0.98608,0.030775,0.16337,0.15169,0.23565,-0.95993
200.43,262.11,70.788,-0.066245,0.93281,0.35423,0.9847,0.0037707,0.17422,0.16118,0.36036,-0.91879
200.75,257.63,69.071,-0.064075,0.93106,0.35918,0.98552,0.0024062,0.16957,0.15701,0.36485,-0.91773
201.07,253.15,67.27,-0.063029,0.87989,0.47097,0.98548,-0.019665,0.16862,0.15763,0.47477,-0.86588
201.39,248.68,64.873,-0.052947,0.87857,0.47466,0.98682,-0.026753,0.1596,0.15291,0.47686,-0.86558
201.72,244.2,62.139,-0.046852,0.85083,0.52335,0.98834,-0.036503,0.14782,0.14488,0.52418,-0.8392
202.04,239.73,58.889,-0.051089,0.78639,0.61562,0.9881,-0.049745,0.14555,0.14508,0.61573,-0.77449
202.36,235.25,55.181,-0.050834,0.71915,0.69299,0.98786,-0.065771,0.14072,0.14678,0.69173,-0.70708
202.68,230.78,50.838,-0.049074,0.69225,0.71999,0.98333,-0.09288,0.15632,0.17509,0.71566,-0.67615
203,226.3,46.16,-0.10179,0.65899,0.74523,0.9849,-0.038702,0.16875,0.14005,0.75115,-0.6451
203.32,221.83,43.262,-0.095946,0.84305,0.52921,0.99312,0.045223,0.10801,0.067124,0.53594,-0.84159
203.64,217.35,42.185,-0.069478,0.97133,0.22736,0.9961,0.055144,0.068811,0.054301,0.23126,-0.97138
203.96,212.88,41.128,-0.068708,0.95471,0.28951,0.9976,0.068228,0.011763,-0.0085228,0.28962,-0.9571
204.28,208.4,39.876,-0.069073,0.96339,0.25905,0.99757,0.068938,0.0096156,-0.0085951,0.25909,-0.96581
204.6,203.93,38.677,-0.067743,0.9664,0.24797,0.9977,0.065232,0.01834,0.0015484,0.24864,-0.9686
204.92,199.45,37.142,-0.067707,0.92934,0.36297,0.99771,0.06312,0.024498,-0.00014397,0.3638,-0.93148
184.74,266.29,69.709,0.043483,0.96354,0.26402,0.99263,-0.07159,0.097789,0.11312,0.25782,-0.95955
184.56,261.77,68.27,0.038216,0.93322,0.35726,0.99212,-0.078134,0.097971,0.11934,0.3507,-0.92885
184.37,257.25,66.531,0.043806,0.92837,0.36907,0.99297,-0.081114,0.086174,0.10994,0.3627,-0.9254
184.19,252.73,64.4,0.042859,0.89542,0.44316,0.99263,-0.088499,0.082813,0.11337,0.43635,-0.89261
184.01,248.21,61.778,0.034897,0.85327,0.52029,0.99215,-0.092137,0.084558,0.12009,0.51326,-0.84979
183.82,243.69,59.015,0.047831,0.85,0.5246,0.99205,-0.10161,0.074182,0.11636,0.51689,-0.84811
183.64,239.17,55.287,0.040442,0.77175,0.63464,0.99364,-0.09789,0.05572,0.10513,0.62834,-0.7708
183.45,234.65,50.632,0.019141,0.68009,0.73288,0.99414,-0.090969,0.058452,0.10642,0.72746,-0.67784
183.27,230.13,46.732,0.028648,0.8134,0.581,0.99668,-0.067526,0.045391,0.076153,0.57778,-0.81263
183.08,225.61,44.053,0.032307,0.9135,0.40555,0.99721,-0.05676,0.048412,0.067243,0.40286,-0.91279
182.9,221.09,42.549,0.04001,0.98152,0.18714,0.99898,-0.043189,0.012939,0.020782,0.18643,-0.98225
182.72,216.57,41.687,0.04001,0.98152,0.18714,0.99898,-0.043189,0.012939,0.020782,0.18643,-0.98225
182.53,212.05,40.825,0.040929,0.98148,0.18715,0.99895,-0.044092,0.012767,0.020782,0.18643,-0.98225
182.35,207.53,39.632,0.03931,0.96434,0.26174,0.99922,-0.03885,-0.0069326,0.0034834,0.26181,-0.96511
182.16,203.01,38.405,0.038516,0.9644,0.26165,0.99926,-0.037372,-0.0093504,0.0007606,0.26181,-0.96512
181.98,198.49,36.78,0.038328,0.93542,0.35145,0.99927,-0.036064,-0.012987,0.00052593,0.35169,-0.93612
160.02,265.82,66.753,0.033332,0.96436,0.26248,0.99644,-0.052425,0.066072,0.077478,0.25934,-0.96267
159.88,261.23,65.183,0.030116,0.93193,0.36138,0.99601,-0.058369,0.067519,0.084017,0.35791,-0.92997
159.74,256.64,63.242,0.027605,0.91206,0.40912,0.99611,-0.059351,0.065101,0.083658,0.40573,-0.91016
159.61,252.05,61.159,0.025432,0.83987,0.5422,0.99614,-0.066886,0.056882,0.084039,0.53866,-0.83832
159.47,247.47,58.168,0.0276,0.83616,0.5478,0.9965,-0.066272,0.05095,0.078906,0.54447,-0.83506
159.33,242.88,54.885,0.027267,0.78201,0.62266,0.99559,-0.077168,0.053319,0.089746,0.61846,-0.78067
159.19,238.29,50.809,0.018803,0.71771,0.69609,0.99683,-0.067295,0.042459,0.077317,0.69308,-0.7167
159.06,233.7,46.76,0.023588,0.85829,0.51263,0.99615,-0.063472,0.060433,0.084406,0.50923,-0.85648
158.92,229.12,44.204,0.030336,0.98587,0.16473,0.99908,-0.034912,0.024952,0.03035,0.16382,-0.98602
158.78,224.53,43.281,0.029508,0.97431,0.22328,0.99952,-0.026646,-0.01582,-0.0094637,0.22364,-0.97463
158.65,219.94,42.336,0.029383,0.98211,0.18601,0.99952,-0.027117,-0.014712,-0.0094045,0.18636,-0.98244
158.51,215.35,41.467,0.029208,0.98133,0.19008,0.99956,-0.02773,-0.01043,-0.0049641,0.1903,-0.98171
158.37,210.76,40.51,0.028839,0.96392,0.26462,0.99957,-0.026484,-0.012463,-0.005005,0.26487,-0.96427
158.23,206.18,39.25,0.028546,0.96393,0.26463,0.99958,-0.026202,-0.012386,-0.005005,0.26487,-0.96427
158.1,201.59,37.878,0.028284,0.94062,0.33829,0.99957,-0.029161,-0.0024914,0.0075212,0.33821,-0.94104
135.54,265.37,64.662,-0.028602,0.95948,0.28034,0.99767,0.010033,0.067451,0.061905,0.28161,-0.95753
135.7,260.74,62.971,-0.031814,0.91607,0.39974,0.99624,-0.0031766,0.086566,0.080571,0.40099,-0.91253
135.87,256.12,60.95,-0.026584,0.91513,0.40228,0.99657,-0.0073016,0.082466,0.078405,0.4031,-0.91179
136.03,251.49,58.596,-0.02973,0.84504,0.53388,0.99641,-0.017292,0.082856,0.079248,0.53443,-0.84149
136.19,246.86,55.696,-0.027567,0.79101,0.61118,0.99666,-0.025273,0.077663,0.076879,0.61128,-0.78767
136.35,242.24,52.126,-0.022717,0.79192,0.61021,0.9967,-0.029661,0.0756,0.077968,0.60991,-0.78863
136.51,237.61,48.189,-0.037045,0.74657,0.66428,0.99716,-0.015968,0.073555,0.065521,0.66512,-0.74386
136.67,232.98,45.004,-0.039318,0.9111,0.41031,0.99868,0.022233,0.04633,0.033089,0.41159,-0.91077
136.83,228.36,43.756,-0.034183,0.98953,0.14024,0.99932,0.031905,0.018459,0.013792,0.14077,-0.98995
136.99,223.73,43.044,-0.034206,0.98724,0.1555,0.99941,0.033794,0.0052931,-2.933e-05,0.15559,-0.98782
137.15,219.1,42.207,-0.034149,0.98212,0.18512,0.99942,0.033566,0.0062817,-4.4253e-05,0.18522,-0.9827
137.31,214.48,41.334,-0.033899,0.98208,0.18538,0.99943,0.033262,0.0065447,0.00026148,0.18549,-0.98265
137.47,209.85,40.281,-0.033352,0.95938,0.28013,0.99944,0.031947,0.009583,0.0002445,0.2803,-0.95991
137.64,205.22,38.927,-0.033066,0.95845,0.28335,0.99945,0.030703,0.012779,0.0035484,0.28361,-0.95893
137.8,200.6,37.461,-0.032706,0.94271,0.33202,0.99946,0.029674,0.014199,0.0035332,0.3323,-0.94317
137.96,195.97,35.806,-0.032722,0.94069,0.33769,0.99946,0.031011,0.010463,-0.00062993,0.33785,-0.9412
115.51,265.02,63.482,0.015295,0.96248,0.27092,0.99887,-0.026881,0.039105,0.044921,0.27001,-0.96181
115.45,260.36,61.702,0.010865,0.90589,0.42338,0.99905,-0.027737,0.03371,0.04228,0.42261,-0.90532
115.4,255.71,59.519,0.012992,0.9044,0.42649,0.99916,-0.028348,0.029676,0.038929,0.42574,-0.90401
115.34,251.05,56.944,0.011686,0.8516,0.52406,0.99883,-0.034499,0.033788,0.046854,0.52306,-0.85101
115.29,246.4,53.835,0.0098577,0.7939,0.60797,0.99832,-0.042478,0.039281,0.05701,0.60657,-0.79298
115.23,241.75,50.214,0.0080801,0.76808,0.6403,0.99847,-0.041245,0.036876,0.054734,0.63902,-0.76724
115.18,237.09,46.513,0.0053402,0.79077,0.61209,0.99965,-0.02011,0.017259,0.025957,0.61178,-0.7906
115.12,232.44,44.308,0.0084421,0.92739,0.37399,0.99982,-0.014084,0.012356,0.016726,0.37382,-0.92735
115.06,227.78,43.5,0.011895,0.99207,0.12509,0.99986,-0.013308,0.010465,0.012047,0.12494,-0.99209
115.01,223.13,42.891,0.011968,0.991,0.13335,0.99992,-0.012467,0.002912,0.0045483,0.13331,-0.99106
114.95,218.47,42.048,0.011746,0.98371,0.17937,0.99993,-0.011355,-0.0032056,-0.0011165,0.1794,-0.98378
114.9,213.82,41.199,0.011552,0.98371,0.17937,0.99993,-0.011165,-0.0031708,-0.0011165,0.1794,-0.98378
114.84,209.16,40.061,0.011419,0.95727,0.28896,0.99993,-0.010603,-0.0043887,-0.0011373,0.28899,-0.95733
114.79,204.51,38.643,0.01139,0.95642,0.29177,0.99993,-0.011373,-0.0017541,0.0016406,0.29178,-0.95649
114.73,199.85,37.138,0.011338,0.94691,0.32128,0.99993,-0.01126,-0.0021025,0.0016268,0.32129,-0.94698
90.599,264.59,62.199,0.040795,0.96032,0.27589,0.99886,-0.04601,0.012453,0.024652,0.27506,-0.96111
90.405,259.92,60.467,0.037282,0.89965,0.43501,0.99908,-0.042775,0.0028375,0.02116,0.43451,-0.90042
