0.76914,-0.27708,0.0583,0.09548,-0.99543,0.0027845,-0.99543,-0.095486,-0.0021165,0.0023727,-0.0025697,-0.99999
0.76885,-0.2741,0.058292,0.09548,-0.99543,0.0027845,-0.99543,-0.095486,-0.0021165,0.0023727,-0.0025697,-0.99999
0.76856,-0.27111,0.058284,0.09548,-0.99543,0.0027845,-0.99543,-0.095486,-0.0021165,0.0023727,-0.0025697,-0.99999
0.76828,-0.26813,0.058275,0.09548,-0.99543,0.0027845,-0.99543,-0.095486,-0.0021165,0.0023727,-0.0025697,-0.99999
0.76799,-0.26514,0.058267,0.09548,-0.99543,0.0027845,-0.99543,-0.095486,-0.0021165,0.0023727,-0.0025697,-0.99999
0.7677,-0.26215,0.058259,0.09548,-0.99543,0.0027845,-0.99543,-0.095486,-0.0021165,0.0023727,-0.0025697,-0.99999
0.76742,-0.25917,0.05825,0.09548,-0.99543,0.0027845,-0.99543,-0.095486,-0.0021165,0.0023727,-0.0025697,-0.99999
0.76713,-0.25618,0.058242,0.09548,-0.99543,0.0027845,-0.99543,-0.095486,-0.0021165,0.0023727,-0.0025697,-0.99999
0.76685,-0.25319,0.058234,0.09548,-0.99543,0.0027845,-0.99543,-0.095486,-0.0021165,0.0023727,-0.0025697,-0.99999
0.76656,-0.25021,0.058225,0.09548,-0.99543,0.0027845,-0.99543,-0.095486,-0.0021165,0.0023727,-0.0025697,-0.99999
0.76627,-0.24722,0.058217,0.09548,-0.99543,0.0027845,-0.99543,-0.095486,-0.0021165,0.0023727,-0.0025697,-0.99999
0.76599,-0.24424,0.058209,0.09548,-0.99543,0.0027845,-0.99543,-0.095486,-0.0021165,0.0023727,-0.0025697,-0.99999
0.7657,-0.24125,0.0582,0.09548,-0.99543,0.0027845,-0.99543,-0.095486,-0.0021165,0.0023727,-0.0025697,-0.99999
0.76541,-0.23826,0.058192,0.09548,-0.99543,0.0027845,-0.99543,-0.095486,-0.0021165,0.0023727,-0.0025697,-0.99999
0.76513,-0.23528,0.058183,0.09548,-0.99543,0.0027845,-0.99543,-0.095486,-0.0021165,0.0023727,-0.0025697,-0.99999
0.76484,-0.23229,0.058175,0.09548,-0.99543,0.0027845,-0.99543,-0.095486,-0.0021165,0.0023727,-0.0025697,-0.99999
0.76455,-0.2293,0.058167,0.09548,-0.99543,0.0027845,-0.99543,-0.095486,-0.0021165,0.0023727,-0.0025697,-0.99999
0.76427,-0.22632,0.058158,0.09548,-0.99543,0.0027845,-0.99543,-0.095486,-0.0021165,0.0023727,-0.0025697,-0.99999
0.76398,-0.22333,0.05815,0.09548,-0.99543,0.0027845,-0.99543,-0.095486,-0.0021165,0.0023727,-0.0025697,-0.99999
0.76369,-0.22034,0.058142,0.09548,-0.99543,0.0027845,-0.99543,-0.095486,-0.0021165,0.0023727,-0.0025697,-0.99999
0.76341,-0.21736,0.058133,0.09548,-0.99543,0.0027845,-0.99543,-0.095486,-0.0021165,0.0023727,-0.0025697,-0.99999
0.76312,-0.21437,0.058125,0.09548,-0.99543,0.0027845,-0.99543,-0.095486,-0.0021165,0.0023727,-0.0025697,-0.99999
0.76284,-0.21139,0.058117,0.09548,-0.99543,0.0027845,-0.99543,-0.095486,-0.0021165,0.0023727,-0.0025697,-0.99999
0.76255,-0.2084,0.058108,0.09548,-0.99543,0.0027845,-0.99543,-0.095486,-0.0021165,0.0023727,-0.0025697,-0.99999
0.76226,-0.20541,0.0581,0.09548,-0.99543,0.0027845,-0.99543,-0.095486,-0.0021165,0.0023727,-0.0025697,-0.99999
0.76198,-0.20243,0.058092,0.09548,-0.99543,0.0027845,-0.99543,-0.095486,-0.0021165,0.0023727,-0.0025697,-0.99999
0.76169,-0.19944,0.058083,0.09548,-0.99543,0.0027845,-0.99543,-0.095486,-0.0021165,0.0023727,-0.0025697,-0.99999
0.7614,-0.19645,0.058075,0.09548,-0.99543,0.0027845,-0.99543,-0.095486,-0.0021165,0.0023727,-0.0025697,-0.99999
0.76112,-0.19347,0.058066,0.09548,-0.99543,0.0027845,-0.99543,-0.095486,-0.0021165,0.0023727,-0.0025697,-0.99999
0.76083,-0.19048,0.058058,0.09548,-0.99543,0.0027845,-0.99543,-0.095486,-0.0021165,0.0023727,-0.0025697,-0.99999
0.76054,-0.1875,0.05805,0.09548,-0.99543,0.0027845,-0.99543,-0.095486,-0.0021165,0.0023727,-0.0025697,-0.99999
0.76026,-0.18451,0.058041,0.09548,-0.99543,0.0027845,-0.99543,-0.095486,-0.0021165,0.0023727,-0.0025697,-0.99999
0.75997,-0.18152,0.058033,0.09548,-0.99543,0.0027845,-0.99543,-0.095486,-0.0021165,0.0023727,-0.0025697,-0.99999
0.75968,-0.17854,0.058025,0.09548,-0.99543,0.0027845,-0.99543,-0.095486,-0.0021165,0.0023727,-0.0025697,-0.99999
0.7594,-0.17555,0.058016,0.09548,-0.99543,0.0027845,-0.99543,-0.095486,-0.0021165,0.0023727,-0.0025697,-0.99999
0.75911,-0.17256,0.058008,0.09548,-0.99543,0.0027845,-0.99543,-0.095486,-0.0021165,0.0023727,-0.0025697,-0.99999
0.75883,-0.16958,0.058,0.09548,-0.99543,0.0027845,-0.99543,-0.095486,-0.0021165,0.0023727,-0.0025697,-0.99999
0.75854,-0.16659,0.057991,0.09548,-0.99543,0.0027845,-0.99543,-0.095486,-0.0021165,0.0023727,-0.0025697,-0.99999
0.75825,-0.16361,0.057983,0.09548,-0.99543,0.0027845,-0.99543,-0.095486,-0.0021165,0.0023727,-0.0025697,-0.99999
0.75797,-0.16062,0.057975,0.09548,-0.99543,0.0027845,-0.99543,-0.095486,-0.0021165,0.0023727,-0.0025697,-0.99999
0.75768,-0.15763,0.057966,0.09548,-0.99543,0.0027845,-0.99543,-0.095486,-0.0021165,0.0023727,-0.0025697,-0.99999
0.75739,-0.15465,0.057958,0.09548,-0.99543,0.0027845,-0.99543,-0.095486,-0.0021165,0.0023727,-0.0025697,-0.99999
0.75711,-0.15166,0.05795,0.09548,-0.99543,0.0027845,-0.99543,-0.095486,-0.0021165,0.0023727,-0.0025697,-0.99999
0.75682,-0.14867,0.057941,0.095392,-0.99544,0.0027843,-0.99544,-0.095398,-0.0021168,0.0023727,-0.0025697,-0.99999
0.75653,-0.14569,0.058057,0.095398,-0.99375,-0.057956,-0.99544,-0.095097,-0.007942,0.002381,0.058449,-0.99829
0.75625,-0.1427,0.058201,0.094128,-0.98965,-0.1083,-0.99556,-0.093309,-0.012617,0.002381,0.10901,-0.99404
0.75596,-0.13972,0.058718,0.09408,-0.9822,-0.16256,-0.99556,-0.092428,-0.017714,0.0023742,0.1635,-0.98654
0.75567,-0.13673,0.059235,0.094314,-0.97175,-0.21636,-0.99554,-0.091544,-0.022811,0.0023602,0.21755,-0.97605
0.75539,-0.13374,0.059751,0.091532,-0.972,-0.21642,-0.9958,-0.088828,-0.022206,0.0023602,0.21755,-0.97605
0.7551,-0.13076,0.06065,0.090135,-0.94372,-0.31822,-0.99593,-0.084668,-0.031001,0.002313,0.31972,-0.94751
0.75481,-0.12777,0.061696,0.090341,-0.92463,-0.37,-0.99591,-0.083025,-0.035687,0.002278,0.37171,-0.92834
0.75453,-0.12478,0.062743,0.08716,-0.92489,-0.37012,-0.99619,-0.080071,-0.034505,0.002278,0.37171,-0.92834
0.75424,-0.1218,0.064082,0.084132,-0.88354,-0.46074,-0.99645,-0.073579,-0.040856,0.0021971,0.46254,-0.8866
0.75396,-0.11881,0.06569,0.084286,-0.85975,-0.50371,-0.99644,-0.071633,-0.044468,0.0021492,0.50566,-0.86273
0.75367,-0.11583,0.067298,0.077341,-0.86023,-0.504,-0.997,-0.065641,-0.040957,0.0021492,0.50566,-0.86273
0.75338,-0.11284,0.069485,0.076072,-0.80212,-0.5923,-0.9971,-0.059988,-0.046824,0.0020284,0.59414,-0.80436
0.7531,-0.10985,0.071759,0.074148,-0.76823,-0.63586,-0.99725,-0.055869,-0.048789,0.0019563,0.63773,-0.77026
0.75281,-0.10687,0.074194,0.06558,-0.7354,-0.67446,-0.99785,-0.047055,-0.045719,0.0018848,0.676,-0.7369
0.75252,-0.10388,0.077372,0.065644,-0.65652,-0.75145,-0.99784,-0.041897,-0.050564,0.0017127,0.75315,-0.65785
0.75224,-0.10089,0.08055,0.054808,-0.65693,-0.75195,-0.9985,-0.034768,-0.042404,0.0017127,0.75315,-0.65785
0.75195,-0.097907,0.084847,0.053279,-0.52816,-0.84747,-0.99858,-0.026968,-0.045972,0.0014258,0.84872,-0.52884
0.75166,-0.094921,0.089317,0.050757,-0.52822,-0.84759,-0.99871,-0.025634,-0.043831,0.0014258,0.84872,-0.52884
0.75138,-0.091935,0.094097,0.059579,-0.55677,-0.82853,-0.99822,-0.031992,-0.050284,0.0014905,0.83005,-0.55768
0.75109,-0.088949,0.097883,0.059273,-0.63336,-0.77159,-0.99824,-0.036321,-0.04687,0.001661,0.77301,-0.6344
0.7508,-0.085962,0.10167,0.069336,-0.66919,-0.73985,-0.99759,-0.045216,-0.052592,0.0017409,0.74171,-0.67071
0.75052,-0.082976,0.10454,0.071073,-0.73107,-0.67859,-0.99747,-0.050812,-0.04973,0.001876,0.68041,-0.73283
0.75023,-0.07999,0.10723,0.071991,-0.76094,-0.64482,-0.9974,-0.053666,-0.048026,0.0019404,0.6466,-0.76283
0.74995,-0.077003,0.10984,0.081047,-0.80544,-0.58711,-0.99671,-0.064291,-0.049392,0.0020361,0.58918,-0.808
0.74966,-0.074017,0.11173,0.080767,-0.83722,-0.54087,-0.99673,-0.066697,-0.045599,0.0021024,0.54278,-0.83987
0.74937,-0.071031,0.11363,0.080727,-0.86342,-0.49798,-0.99673,-0.068848,-0.042206,0.0021561,0.49977,-0.86616
0.74909,-0.068045,0.11552,0.088585,-0.88053,-0.46564,-0.99607,-0.077281,-0.043357,0.0021918,0.46765,-0.88391
0.7488,-0.065058,0.11678,0.088439,-0.89437,-0.4385,-0.99608,-0.078427,-0.040933,0.0022193,0.4404,-0.8978
0.74851,-0.062072,0.11803,0.088161,-0.91727,-0.3884,-0.9961,-0.080297,-0.036468,0.0022637,0.3901,-0.92077
0.74823,-0.059086,0.11928,0.091612,-0.9292,-0.35805,-0.99579,-0.08466,-0.035083,0.0022867,0.35975,-0.93304
0.74794,-0.056099,0.1202,0.093317,-0.95635,-0.27694,-0.99563,-0.088982,-0.028209,0.0023354,0.27836,-0.96047
0.74765,-0.053113,0.12089,0.093317,-0.95635,-0.27694,-0.99563,-0.088982,-0.028209,0.0023354,0.27836,-0.96047
0.74737,-0.050127,0.12158,0.093069,-0.98144,-0.16768,-0.99566,-0.091338,-0.018023,0.0023732,0.16863,-0.98568
0.74708,-0.047141,0.12227,0.096123,-0.98115,-0.16762,-0.99537,-0.094348,-0.018537,0.0023732,0.16863,-0.98568
0.74679,-0.044154,0.12245,0.0953,-0.99435,-0.046758,-0.99545,-0.095082,-0.0068648,0.0023801,0.047199,-0.99888
0.74651,-0.041168,0.12262,0.0953,-0.99435,-0.046758,-0.99545,-0.095082,-0.0068648,0.0023801,0.047199,-0.99888
0.74622,-0.038182,0.1228,0.095455,-0.99542,0.0051875,-0.99543,-0.095466,-0.0018856,0.0023722,-0.0049838,-0.99998
0.74594,-0.035195,0.12282,0.095337,-0.99479,0.036114,-0.99544,-0.09536,0.001085,0.0023645,-0.036053,-0.99935
0.74565,-0.032209,0.12249,0.094871,-0.98663,0.13253,-0.99549,-0.094337,0.010315,0.0023255,-0.13291,-0.99113
0.74536,-0.029223,0.12215,0.094871,-0.98663,0.13253,-0.99549,-0.094337,0.010315,0.0023255,-0.13291,-0.99113
0.74508,-0.026237,0.12182,0.093378,-0.97956,0.17818,-0.99563,-0.092284,0.014439,0.0022991,-0.17875,-0.98389
0.74479,-0.02325,0.12116,0.092174,-0.97374,0.20818,-0.99574,-0.090615,0.017033,0.0022789,-0.20887,-0.97794
0.7445,-0.020264,0.1203,0.091776,-0.9474,0.3066,-0.99578,-0.087996,0.02616,0.0021962,-0.30771,-0.95148
0.74422,-0.017278,0.11944,0.091366,-0.94744,0.30661,-0.99581,-0.087606,0.026033,0.0021962,-0.30771,-0.95148
0.74393,-0.014291,0.11853,0.086414,-0.9235,0.37373,-0.99626,-0.080903,0.030439,0.0021247,-0.37496,-0.92704
0.74364,-0.011305,0.1171,0.08612,-0.90104,0.42511,-0.99628,-0.078769,0.034876,0.0020608,-0.42653,-0.90447
0.74336,-0.0083189,0.11566,0.086095,-0.87819,0.47049,-0.99628,-0.076836,0.038891,0.0019972,-0.47209,-0.88155
0.74307,-0.0053326,0.11422,0.08018,-0.86111,0.50205,-0.99678,-0.070252,0.038695,0.0019492,-0.50354,-0.86397
0.74278,-0.0023463,0.11226,0.078207,-0.84544,0.52831,-0.99694,-0.067335,0.039823,0.0019063,-0.52981,-0.84812
0.7425,0.00063997,0.11014,0.077964,-0.81443,0.575,-0.99695,-0.064745,0.043472,0.001823,-0.57664,-0.817
0.74221,0.0036263,0.10802,0.073339,-0.79648,0.60019,-0.99731,-0.059642,0.042716,0.0017746,-0.60171,-0.79871
0.74193,0.0066125,0.1055,0.080462,-0.7245,0.68456,-0.99676,-0.059577,0.054103,0.0015871,-0.6867,-0.72694
0.74164,0.0095988,0.10351,0.089317,-0.88438,0.45815,-0.99596,-0.074805,0.049766,-0.0097409,-0.46074,-0.88748
0.74135,0.012585,0.10227,0.094294,-0.94431,0.31525,-0.99553,-0.08777,0.034863,-0.0052521,-0.31713,-0.94837
0.74107,0.015571,0.10161,0.094557,-0.98934,0.11076,-0.99552,-0.094085,0.0094989,0.0010231,-0.11116,-0.9938
0.74078,0.018558,0.10117,0.094595,-0.98863,0.1169,-0.99551,-0.094215,0.0087801,0.0023333,-0.1172,-0.99311
0.74049,0.021544,0.10073,0.094595,-0.98863,0.1169,-0.99551,-0.094215,0.0087801,0.0023333,-0.1172,-0.99311
0.74021,0.02453,0.1003,0.094595,-0.98863,0.1169,-0.99551,-0.094215,0.0087801,0.0023333,-0.1172,-0.99311
0.73992,0.027517,0.099869,0.094595,-0.98863,0.1169,-0.99551,-0.094215,0.0087801,0.0023333,-0.1172,-0.99311
0.73963,0.030503,0.099436,0.094613,-0.98879,0.11551,-0.99551,-0.094246,0.0086489,0.002334,-0.11581,-0.99327
0.73935,0.033489,0.099007,0.092781,-0.9817,0.16633,-0.99568,-0.091864,0.013215,0.0023064,-0.16683,-0.98598
0.73906,0.036475,0.098185,0.091247,-0.94387,0.31746,-0.99583,-0.087185,0.027008,0.0021855,-0.3186,-0.94789
0.73877,0.039462,0.097263,0.091247,-0.94387,0.31746,-0.99583,-0.087185,0.027008,0.0021855,-0.3186,-0.94789
0.73849,0.042448,0.096342,0.091247,-0.94387,0.31746,-0.99583,-0.087185,0.027008,0.0021855,-0.3186,-0.94789
0.7382,0.045434,0.095421,0.091247,-0.94387,0.31746,-0.99583,-0.087185,0.027008,0.0021855,-0.3186,-0.94789
0.73792,0.04842,0.0945,0.091013,-0.94389,0.31747,-0.99585,-0.086964,0.026934,0.0021855,-0.3186,-0.94789
0.73763,0.051407,0.093551,0.085862,-0.90604,0.4144,-0.9963,-0.078948,0.033819,0.0020748,-0.41577,-0.90947
0.73734,0.054393,0.092084,0.085747,-0.88317,0.46115,-0.99631,-0.076943,0.037899,0.0020109,-0.4627,-0.88651
0.73706,0.057379,0.090616,0.085749,-0.88317,0.46115,-0.99631,-0.076945,0.0379,0.0020109,-0.4627,-0.88651
0.73677,0.060366,0.089149,0.085803,-0.89886,0.42976,-0.99631,-0.0783,0.035151,0.0020546,-0.43119,-0.90226
0.73648,0.063352,0.087683,0.085803,-0.89886,0.42976,-0.99631,-0.0783,0.035151,0.0020546,-0.43119,-0.90226
0.7362,0.066338,0.086216,0.081666,-0.89917,0.4299,-0.99666,-0.074567,0.033366,0.0020546,-0.43119,-0.90226
0.73591,0.069324,0.084334,0.078234,-0.83027,0.55184,-0.99693,-0.066191,0.041747,0.0018654,-0.55341,-0.8329
0.73562,0.072311,0.082228,0.078234,-0.83027,0.55184,-0.99693,-0.066191,0.041747,0.0018654,-0.55341,-0.8329
0.73534,0.075297,0.080123,0.078234,-0.83027,0.55184,-0.99693,-0.066191,0.041747,0.0018654,-0.55341,-0.8329
0.73505,0.078283,0.078017,0.078234,-0.83027,0.55184,-0.99693,-0.066191,0.041747,0.0018654,-0.55341,-0.8329
0.73476,0.08127,0.075912,0.072251,-0.83065,0.55208,-0.99738,-0.061208,0.038435,0.0018654,-0.55341,-0.8329
0.73448,0.084256,0.073234,0.068751,-0.71559,0.69512,-0.99763,-0.050405,0.04678,0.0015624,-0.6967,-0.71737
0.73419,0.087242,0.070344,0.068751,-0.71559,0.69512,-0.99763,-0.050405,0.04678,0.0015624,-0.6967,-0.71737
0.7339,0.090228,0.067453,0.068751,-0.71559,0.69512,-0.99763,-0.050405,0.04678,0.0015624,-0.6967,-0.71737
0.73362,0.093215,0.064562,0.069001,-0.71558,0.69511,-0.99762,-0.050585,0.046955,0.0015624,-0.6967,-0.71737
0.73333,0.096201,0.061693,0.077591,-0.74082,0.66721,-0.99698,-0.058748,0.050712,0.0016291,-0.66913,-0.74314
0.73305,0.099187,0.059521,0.087949,-0.84152,0.53302,-0.99612,-0.075318,0.045452,0.0018975,-0.53495,-0.84488
0.73276,0.10217,0.058192,0.092792,-0.97003,0.22457,-0.99568,-0.090915,0.01871,0.0022669,-0.22534,-0.97428
0.73247,0.10516,0.05746,0.09525,-0.99373,0.058629,-0.99545,-0.095224,0.0032458,0.0023574,-0.058671,-0.99827
0.73219,0.10815,0.057223,0.09548,-0.99543,0.0027845,-0.99543,-0.095486,-0.0021165,0.0023727,-0.0025697,-0.99999
0.7319,0.11113,0.057214,0.09548,-0.99543,0.0027845,-0.99543,-0.095486,-0.0021165,0.0023727,-0.0025697,-0.99999
0.73161,0.11412,0.057206,0.09548,-0.99543,0.0027845,-0.99543,-0.095486,-0.0021165,0.0023727,-0.0025697,-0.99999
0.73133,0.1171,0.057198,0.09548,-0.99543,0.0027845,-0.99543,-0.095486,-0.0021165,0.0023727,-0.0025697,-0.99999
0.73104,0.12009,0.057189,0.09548,-0.99543,0.0027845,-0.99543,-0.095486,-0.0021165,0.0023727,-0.0025697,-0.99999
0.73075,0.12308,0.057181,0.09548,-0.99543,0.0027845,-0.99543,-0.095486,-0.0021165,0.0023727,-0.0025697,-0.99999
0.73047,0.12606,0.057173,0.09548,-0.99543,0.0027845,-0.99543,-0.095486,-0.0021165,0.0023727,-0.0025697,-0.99999
0.73018,0.12905,0.057164,0.09548,-0.99543,0.0027845,-0.99543,-0.095486,-0.0021165,0.0023727,-0.0025697,-0.99999
0.72989,0.13204,0.057156,0.09548,-0.99543,0.0027845,-0.99543,-0.095486,-0.0021165,0.0023727,-0.0025697,-0.99999
0.72961,0.13502,0.057148,0.09548,-0.99543,0.0027845,-0.99543,-0.095486,-0.0021165,0.0023727,-0.0025697,-0.99999
0.72932,0.13801,0.057139,0.09548,-0.99543,0.0027845,-0.99543,-0.095486,-0.0021165,0.0023727,-0.0025697,-0.99999
0.72904,0.141,0.057131,0.09548,-0.99543,0.0027845,-0.99543,-0.095486,-0.0021165,0.0023727,-0.0025697,-0.99999
0.72875,0.14398,0.057123,0.09548,-0.99543,0.0027845,-0.99543,-0.095486,-0.0021165,0.0023727,-0.0025697,-0.99999
0.72846,0.14697,0.057114,0.09548,-0.99543,0.0027845,-0.99543,-0.095486,-0.0021165,0.0023727,-0.0025697,-0.99999
0.72818,0.14995,0.057106,0.09548,-0.99543,0.0027845,-0.99543,-0.095486,-0.0021165,0.0023727,-0.0025697,-0.99999
0.72789,0.15294,0.057097,0.09548,-0.99543,0.0027845,-0.99543,-0.095486,-0.0021165,0.0023727,-0.0025697,-0.99999
0.7276,0.15593,0.057089,0.09548,-0.99543,0.0027845,-0.99543,-0.095486,-0.0021165,0.0023727,-0.0025697,-0.99999
0.72732,0.15891,0.057081,0.09548,-0.99543,0.0027845,-0.99543,-0.095486,-0.0021165,0.0023727,-0.0025697,-0.99999
0.72703,0.1619,0.057072,0.09548,-0.99543,0.0027845,-0.99543,-0.095486,-0.0021165,0.0023727,-0.0025697,-0.99999
0.72674,0.16489,0.057064,0.09548,-0.99543,0.0027845,-0.99543,-0.095486,-0.0021165,0.0023727,-0.0025697,-0.99999
0.72646,0.16787,0.057056,0.09548,-0.99543,0.0027845,-0.99543,-0.095486,-0.0021165,0.0023727,-0.0025697,-0.99999
0.72617,0.17086,0.057047,0.09548,-0.99543,0.0027845,-0.99543,-0.095486,-0.0021165,0.0023727,-0.0025697,-0.99999
0.72588,0.17384,0.057039,0.09548,-0.99543,0.0027845,-0.99543,-0.095486,-0.0021165,0.0023727,-0.0025697,-0.99999
0.7256,0.17683,0.057031,0.09548,-0.99543,0.0027845,-0.99543,-0.095486,-0.0021165,0.0023727,-0.0025697,-0.99999
0.72531,0.17982,0.057022,0.09548,-0.99543,0.0027845,-0.99543,-0.095486,-0.0021165,0.0023727,-0.0025697,-0.99999
