0.59715,0.023663,0.18582,-0.41923,0.90754,-0.024813,0.87622,0.3973,-0.27276,-0.23769,-0.13609,-0.96176
0.59838,0.020996,0.18589,-0.41923,0.90754,-0.024813,0.87622,0.3973,-0.27276,-0.23769,-0.13609,-0.96176
0.59961,0.01833,0.18597,-0.41923,0.90754,-0.024813,0.87622,0.3973,-0.27276,-0.23769,-0.13609,-0.96176
0.60084,0.015664,0.18604,-0.41923,0.90754,-0.024813,0.87622,0.3973,-0.27276,-0.23769,-0.13609,-0.96176
0.60207,0.012998,0.18611,-0.41923,0.90754,-0.024813,0.87622,0.3973,-0.27276,-0.23769,-0.13609,-0.96176
0.60331,0.010332,0.18619,-0.42004,0.90717,-0.02456,0.87583,0.39814,-0.27279,-0.23769,-0.13609,-0.96176
0.60454,0.0076656,0.18625,-0.41918,0.90744,0.029185,0.869,0.41032,-0.27654,-0.26292,-0.090558,-0.96056
0.60577,0.0049994,0.18616,-0.41918,0.90744,0.029185,0.869,0.41032,-0.27654,-0.26292,-0.090558,-0.96056
0.607,0.0023332,0.18608,-0.41918,0.90744,0.029185,0.869,0.41032,-0.27654,-0.26292,-0.090558,-0.96056
0.60823,-0.00033296,0.18599,-0.41918,0.90744,0.029185,0.869,0.41032,-0.27654,-0.26292,-0.090558,-0.96056
0.60946,-0.0029991,0.18591,-0.41918,0.90744,0.029185,0.869,0.41032,-0.27654,-0.26292,-0.090558,-0.96056
0.6107,-0.0056653,0.18582,-0.42162,0.90628,0.029962,0.86782,0.41286,-0.27646,-0.26292,-0.090558,-0.96056
0.61193,-0.0083315,0.18571,-0.41883,0.90669,0.049959,0.86841,0.41601,-0.26982,-0.26543,-0.069625,-0.96161
0.61316,-0.010998,0.18556,-0.42462,0.90389,0.05176,0.86559,0.42206,-0.26948,-0.26543,-0.069625,-0.96161
0.61439,-0.013664,0.18534,-0.41808,0.90506,0.077976,0.8571,0.42145,-0.29626,-0.301,-0.057026,-0.95192
0.61562,-0.01633,0.18511,-0.41808,0.90506,0.077976,0.8571,0.42145,-0.29626,-0.301,-0.057026,-0.95192
0.61685,-0.018996,0.18488,-0.41808,0.90506,0.077976,0.8571,0.42145,-0.29626,-0.301,-0.057026,-0.95192
0.61808,-0.021662,0.18465,-0.41808,0.90506,0.077976,0.8571,0.42145,-0.29626,-0.301,-0.057026,-0.95192
0.61932,-0.024329,0.18442,-0.42213,0.90305,0.079377,0.85511,0.42572,-0.29589,-0.301,-0.057026,-0.95192
0.62055,-0.026995,0.18414,-0.41736,0.9035,0.097508,0.85522,0.42679,-0.29402,-0.30726,-0.039321,-0.95081
0.62178,-0.029661,0.18385,-0.41736,0.9035,0.097508,0.85522,0.42679,-0.29402,-0.30726,-0.039321,-0.95081
0.62301,-0.032327,0.18357,-0.41743,0.90346,0.097534,0.85518,0.42687,-0.29401,-0.30726,-0.039321,-0.95081
0.62424,-0.034993,0.18328,-0.41606,0.90068,0.12519,0.84721,0.43395,-0.30646,-0.33035,-0.021442,-0.94362
0.62547,-0.037659,0.18291,-0.41606,0.90068,0.12519,0.84721,0.43395,-0.30646,-0.33035,-0.021442,-0.94362
0.62671,-0.040326,0.18254,-0.41606,0.90068,0.12519,0.84721,0.43395,-0.30646,-0.33035,-0.021442,-0.94362
0.62794,-0.042992,0.18217,-0.41606,0.90068,0.12519,0.84721,0.43395,-0.30646,-0.33035,-0.021442,-0.94362
0.62917,-0.045658,0.1818,-0.41606,0.90068,0.12519,0.84721,0.43395,-0.30646,-0.33035,-0.021442,-0.94362
0.6304,-0.048324,0.18143,-0.41606,0.90068,0.12519,0.84721,0.43395,-0.30646,-0.33035,-0.021442,-0.94362
0.63163,-0.05099,0.18106,-0.4206,0.89833,0.12683,0.84496,0.43879,-0.30578,-0.33035,-0.021442,-0.94362
0.63286,-0.053656,0.18063,-0.41459,0.8975,0.15037,0.85158,0.44089,-0.2836,-0.32083,0.010478,-0.94708
0.6341,-0.056323,0.18019,-0.41459,0.8975,0.15037,0.85158,0.44089,-0.2836,-0.32083,0.010478,-0.94708
0.63533,-0.058989,0.17974,-0.41459,0.8975,0.15037,0.85158,0.44089,-0.2836,-0.32083,0.010478,-0.94708
0.63656,-0.061655,0.17929,-0.4163,0.89661,0.15094,0.85074,0.44269,-0.2833,-0.32083,0.010478,-0.94708
0.63779,-0.064321,0.17882,-0.41198,0.89185,0.18674,0.83955,0.45118,-0.30263,-0.35416,0.032099,-0.93463
0.63902,-0.066987,0.17827,-0.41198,0.89185,0.18674,0.83955,0.45118,-0.30263,-0.35416,0.032099,-0.93463
0.64025,-0.069653,0.17771,-0.41198,0.89185,0.18674,0.83955,0.45118,-0.30263,-0.35416,0.032099,-0.93463
0.64149,-0.07232,0.17715,-0.41198,0.89185,0.18674,0.83955,0.45118,-0.30263,-0.35416,0.032099,-0.93463
0.64272,-0.074986,0.17659,-0.41198,0.89185,0.18674,0.83955,0.45118,-0.30263,-0.35416,0.032099,-0.93463
0.64395,-0.077652,0.17603,-0.41198,0.89185,0.18674,0.83955,0.45118,-0.30263,-0.35416,0.032099,-0.93463
0.64518,-0.080318,0.17547,-0.41198,0.89185,0.18674,0.83955,0.45118,-0.30263,-0.35416,0.032099,-0.93463
0.64641,-0.082984,0.17492,-0.41198,0.89185,0.18674,0.83955,0.45118,-0.30263,-0.35416,0.032099,-0.93463
0.64764,-0.085651,0.17436,-0.41226,0.8917,0.18684,0.83941,0.45148,-0.30257,-0.35416,0.032099,-0.93463
0.64887,-0.088317,0.1738,-0.41478,0.88972,0.19067,0.83404,0.45552,-0.31124,-0.36378,0.029933,-0.93101
0.65011,-0.090983,0.1732,-0.40771,0.88261,0.23403,0.82919,0.4652,-0.30988,-0.38238,0.067718,-0.92152
0.65134,-0.093649,0.17249,-0.40771,0.88261,0.23403,0.82919,0.4652,-0.30988,-0.38238,0.067718,-0.92152
0.65257,-0.096315,0.17178,-0.40771,0.88261,0.23403,0.82919,0.4652,-0.30988,-0.38238,0.067718,-0.92152
0.6538,-0.098981,0.17107,-0.40771,0.88261,0.23403,0.82919,0.4652,-0.30988,-0.38238,0.067718,-0.92152
0.65503,-0.10165,0.17037,-0.40771,0.88261,0.23403,0.82919,0.4652,-0.30988,-0.38238,0.067718,-0.92152
0.65626,-0.10431,0.16966,-0.40771,0.88261,0.23403,0.82919,0.4652,-0.30988,-0.38238,0.067718,-0.92152
0.6575,-0.10698,0.16895,-0.40974,0.88147,0.23479,0.82819,0.46736,-0.30931,-0.38238,0.067718,-0.92152
0.65873,-0.10965,0.16822,-0.40623,0.87941,0.24823,0.82323,0.47011,-0.31825,-0.39657,0.07507,-0.91493
0.65996,-0.11231,0.16747,-0.40777,0.87853,0.24883,0.82247,0.47176,-0.31779,-0.39657,0.07507,-0.91493
0.66119,-0.11498,0.1667,-0.40502,0.8768,0.25919,0.82222,0.47328,-0.31618,-0.39989,0.08505,-0.91261
0.66242,-0.11764,0.16591,-0.40502,0.8768,0.25919,0.82222,0.47328,-0.31618,-0.39989,0.08505,-0.91261
0.66365,-0.12031,0.16512,-0.40779,0.8752,0.26026,0.82085,0.47623,-0.3153,-0.39989,0.08505,-0.91261
0.66489,-0.12298,0.1643,-0.4038,0.87414,0.26986,0.82584,0.47521,-0.30359,-0.39362,0.10028,-0.91379
0.66612,-0.12564,0.16348,-0.4038,0.87414,0.26986,0.82584,0.47521,-0.30359,-0.39362,0.10028,-0.91379
0.66735,-0.12831,0.16266,-0.4038,0.87414,0.26986,0.82584,0.47521,-0.30359,-0.39362,0.10028,-0.91379
0.66858,-0.13098,0.16183,-0.4038,0.87414,0.26986,0.82584,0.47521,-0.30359,-0.39362,0.10028,-0.91379
0.66981,-0.13364,0.16101,-0.4038,0.87414,0.26986,0.82584,0.47521,-0.30359,-0.39362,0.10028,-0.91379
0.67104,-0.13631,0.16019,-0.4038,0.87414,0.26986,0.82584,0.47521,-0.30359,-0.39362,0.10028,-0.91379
0.67228,-0.13897,0.15936,-0.4067,0.87246,0.27093,0.82441,0.47828,-0.30264,-0.39362,0.10028,-0.91379
0.67351,-0.14164,0.15851,-0.40072,0.86747,0.29482,0.81541,0.48439,-0.31697,-0.41777,0.11338,-0.90145
0.67474,-0.14431,0.1576,-0.40072,0.86747,0.29482,0.81541,0.48439,-0.31697,-0.41777,0.11338,-0.90145
0.67597,-0.14697,0.15669,-0.40072,0.86747,0.29482,0.81541,0.48439,-0.31697,-0.41777,0.11338,-0.90145
0.6772,-0.14964,0.15579,-0.40072,0.86747,0.29482,0.81541,0.48439,-0.31697,-0.41777,0.11338,-0.90145
0.67843,-0.1523,0.15488,-0.40222,0.86657,0.29541,0.81467,0.486,-0.31643,-0.41777,0.11338,-0.90145
0.67966,-0.15497,0.15396,-0.39966,0.86518,0.30288,0.82151,0.48464,-0.3004,-0.40669,0.12876,-0.90445
0.6809,-0.15764,0.15302,-0.39966,0.86518,0.30288,0.82151,0.48464,-0.3004,-0.40669,0.12876,-0.90445
0.68213,-0.1603,0.15209,-0.39966,0.86518,0.30288,0.82151,0.48464,-0.3004,-0.40669,0.12876,-0.90445
0.68336,-0.16297,0.15116,-0.39966,0.86518,0.30288,0.82151,0.48464,-0.3004,-0.40669,0.12876,-0.90445
0.68459,-0.16564,0.15022,-0.39966,0.86518,0.30288,0.82151,0.48464,-0.3004,-0.40669,0.12876,-0.90445
0.68582,-0.1683,0.14929,-0.39983,0.86508,0.30294,0.82143,0.48483,-0.30033,-0.40669,0.12876,-0.90445
0.68705,-0.17097,0.14835,-0.39769,0.86092,0.31728,0.81886,0.48902,-0.30055,-0.41391,0.14028,-0.89945
0.68829,-0.17363,0.14737,-0.39769,0.86092,0.31728,0.81886,0.48902,-0.30055,-0.41391,0.14028,-0.89945
0.68952,-0.1763,0.14639,-0.39769,0.86092,0.31728,0.81886,0.48902,-0.30055,-0.41391,0.14028,-0.89945
0.69075,-0.17897,0.14541,-0.39769,0.86092,0.31728,0.81886,0.48902,-0.30055,-0.41391,0.14028,-0.89945
0.69198,-0.18163,0.14442,-0.39769,0.86092,0.31728,0.81886,0.48902,-0.30055,-0.41391,0.14028,-0.89945
0.69321,-0.1843,0.14344,-0.39769,0.86092,0.31728,0.81886,0.48902,-0.30055,-0.41391,0.14028,-0.89945
0.69444,-0.18697,0.14246,-0.39769,0.86092,0.31728,0.81886,0.48902,-0.30055,-0.41391,0.14028,-0.89945
0.69568,-0.18963,0.14148,-0.39769,0.86092,0.31728,0.81886,0.48902,-0.30055,-0.41391,0.14028,-0.89945
0.69691,-0.1923,0.14049,-0.39769,0.86092,0.31728,0.81886,0.48902,-0.30055,-0.41391,0.14028,-0.89945
0.69814,-0.19496,0.13951,-0.39769,0.86092,0.31728,0.81886,0.48902,-0.30055,-0.41391,0.14028,-0.89945
0.69937,-0.19763,0.13853,-0.39655,0.8616,0.31686,0.81941,0.48782,-0.301,-0.41391,0.14028,-0.89945
0.7006,-0.2003,0.13756,-0.39901,0.86377,0.30772,0.80283,0.49123,-0.33788,-0.44302,0.11223,-0.88946
0.70183,-0.20296,0.13661,-0.39901,0.86377,0.30772,0.80283,0.49123,-0.33788,-0.44302,0.11223,-0.88946
0.70307,-0.20563,0.13566,-0.40104,0.86252,0.30858,0.80181,0.49341,-0.3371,-0.44302,0.11223,-0.88946
0.7043,-0.20829,0.13469,-0.39706,0.85956,0.32172,0.83304,0.48465,-0.26676,-0.38522,0.16209,-0.90848
0.70553,-0.21096,0.13369,-0.39706,0.85956,0.32172,0.83304,0.48465,-0.26676,-0.38522,0.16209,-0.90848
0.70676,-0.21363,0.13269,-0.39706,0.85956,0.32172,0.83304,0.48465,-0.26676,-0.38522,0.16209,-0.90848
0.70799,-0.21629,0.13169,-0.39706,0.85956,0.32172,0.83304,0.48465,-0.26676,-0.38522,0.16209,-0.90848
0.70922,-0.21896,0.1307,-0.39706,0.85956,0.32172,0.83304,0.48465,-0.26676,-0.38522,0.16209,-0.90848
0.71045,-0.22163,0.1297,-0.39699,0.8596,0.3217,0.83307,0.48458,-0.26678,-0.38522,0.16209,-0.90848
0.71169,-0.22429,0.1287,-0.39721,0.85988,0.32067,0.83188,0.48492,-0.26988,-0.38756,0.15956,-0.90793
0.71292,-0.22696,0.12771,-0.39721,0.85988,0.32067,0.83188,0.48492,-0.26988,-0.38756,0.15956,-0.90793
0.71098,0.12545,0.12582,0.19331,0.93534,-0.29627,0.92075,-0.27725,-0.27452,-0.3389,-0.21973,-0.9148
0.71038,0.12251,0.12675,0.19005,0.93631,-0.2953,0.92143,-0.27393,-0.27556,-0.3389,-0.21973,-0.9148
0.70977,0.11958,0.12764,0.19497,0.94338,-0.26838,0.90334,-0.2793,-0.32551,-0.38204,-0.17898,-0.90665
0.70916,0.11665,0.12847,0.19497,0.94338,-0.26838,0.90334,-0.2793,-0.32551,-0.38204,-0.17898,-0.90665
0.70856,0.11371,0.12931,0.19497,0.94338,-0.26838,0.90334,-0.2793,-0.32551,-0.38204,-0.17898,-0.90665
0.70795,0.11078,0.13014,0.19619,0.943,-0.26882,0.90308,-0.28058,-0.32515,-0.38204,-0.17898,-0.90665
0.70735,0.10784,0.13099,0.19449,0.94105,-0.27675,0.90716,-0.27989,-0.31421,-0.37315,-0.18994,-0.90812
0.70674,0.10491,0.13185,0.19449,0.94105,-0.27675,0.90716,-0.27989,-0.31421,-0.37315,-0.18994,-0.90812
0.70613,0.10198,0.13271,0.19449,0.94105,-0.27675,0.90716,-0.27989,-0.31421,-0.37315,-0.18994,-0.90812
0.70553,0.099043,0.13358,0.19449,0.94105,-0.27675,0.90716,-0.27989,-0.31421,-0.37315,-0.18994,-0.90812
0.70492,0.09611,0.13444,0.19449,0.94105,-0.27675,0.90716,-0.27989,-0.31421,-0.37315,-0.18994,-0.90812
0.70431,0.093176,0.1353,0.19327,0.94143,-0.27633,0.90742,-0.27862,-0.31458,-0.37315,-0.18994,-0.90812
0.70371,0.090242,0.13615,0.19551,0.946,-0.25856,0.88637,-0.28327,-0.36619,-0.41966,-0.15758,-0.8939
0.7031,0.087308,0.13695,0.19551,0.946,-0.25856,0.88637,-0.28327,-0.36619,-0.41966,-0.15758,-0.8939
0.70249,0.084375,0.13776,0.19551,0.946,-0.25856,0.88637,-0.28327,-0.36619,-0.41966,-0.15758,-0.8939
0.70189,0.081441,0.13856,0.19248,0.94697,-0.2573,0.88704,-0.28004,-0.36707,-0.41966,-0.15758,-0.8939
0.70128,0.078507,0.13933,0.19598,0.94827,-0.24974,0.88078,-0.28218,-0.38027,-0.43107,-0.14544,-0.89052
0.70068,0.075574,0.1401,0.19598,0.94827,-0.24974,0.88078,-0.28218,-0.38027,-0.43107,-0.14544,-0.89052
0.70007,0.07264,0.14088,0.19598,0.94827,-0.24974,0.88078,-0.28218,-0.38027,-0.43107,-0.14544,-0.89052
0.69946,0.069706,0.14165,0.19229,0.94945,-0.24815,0.88159,-0.27821,-0.38131,-0.43107,-0.14544,-0.89052
0.69886,0.066773,0.14239,0.19674,0.95192,-0.23482,0.88219,-0.27637,-0.38127,-0.42783,-0.13214,-0.89415
0.69825,0.063839,0.14311,0.19674,0.95192,-0.23482,0.88219,-0.27637,-0.38127,-0.42783,-0.13214,-0.89415
0.69764,0.060905,0.14383,0.19674,0.95192,-0.23482,0.88219,-0.27637,-0.38127,-0.42783,-0.13214,-0.89415
0.69704,0.057971,0.14456,0.19674,0.95192,-0.23482,0.88219,-0.27637,-0.38127,-0.42783,-0.13214,-0.89415
0.69643,0.055038,0.14528,0.19674,0.95192,-0.23482,0.88219,-0.27637,-0.38127,-0.42783,-0.13214,-0.89415
0.69583,0.052104,0.14601,0.19674,0.95192,-0.23482,0.88219,-0.27637,-0.38127,-0.42783,-0.13214,-0.89415
0.69522,0.04917,0.14673,0.19674,0.95192,-0.23482,0.88219,-0.27637,-0.38127,-0.42783,-0.13214,-0.89415
0.69461,0.046237,0.14745,0.19674,0.95192,-0.23482,0.88219,-0.27637,-0.38127,-0.42783,-0.13214,-0.89415
0.69401,0.043303,0.14818,0.191,0.9537,-0.23234,0.88345,-0.27019,-0.38278,-0.42783,-0.13214,-0.89415
0.6934,0.040369,0.14885,0.19421,0.9578,-0.21191,0.86738,-0.26857,-0.41896,-0.45819,-0.10244,-0.88293
0.69279,0.037435,0.14947,0.19826,0.95931,-0.20106,0.885,-0.26338,-0.38394,-0.42127,-0.10182,-0.9012
0.69219,0.034502,0.15009,0.19826,0.95931,-0.20106,0.885,-0.26338,-0.38394,-0.42127,-0.10182,-0.9012
0.69158,0.031568,0.1507,0.19826,0.95931,-0.20106,0.885,-0.26338,-0.38394,-0.42127,-0.10182,-0.9012
0.69097,0.028634,0.15132,0.19786,0.95942,-0.20089,0.88509,-0.26294,-0.38404,-0.42127,-0.10182,-0.9012
0.69037,0.025701,0.15193,0.19845,0.96023,-0.19639,0.88584,-0.26147,-0.38331,-0.41942,-0.097901,-0.9025
0.68976,0.022767,0.15253,0.19579,0.96101,-0.19524,0.88643,-0.25859,-0.3839,-0.41942,-0.097901,-0.9025
0.68916,0.019833,0.15311,0.19955,0.96552,-0.16719,0.87513,-0.25236,-0.41288,-0.44084,-0.063922,-0.89531
0.68855,0.0169,0.15361,0.19955,0.96552,-0.16719,0.87513,-0.25236,-0.41288,-0.44084,-0.063922,-0.89531
0.68794,0.013966,0.15412,0.19955,0.96552,-0.16719,0.87513,-0.25236,-0.41288,-0.44084,-0.063922,-0.89531
0.68734,0.011032,0.15463,0.19955,0.96552,-0.16719,0.87513,-0.25236,-0.41288,-0.44084,-0.063922,-0.89531
0.68673,0.0080985,0.15514,0.19927,0.9656,-0.16706,0.87519,-0.25205,-0.41293,-0.44084,-0.063922,-0.89531
0.68612,0.0051648,0.15564,0.19965,0.96604,-0.16406,0.87522,-0.2511,-0.41346,-0.44061,-0.061038,-0.89562
0.68552,0.0022311,0.15614,0.19965,0.96604,-0.16406,0.87522,-0.2511,-0.41346,-0.44061,-0.061038,-0.89562
0.68491,-0.00070265,0.15664,0.19965,0.96604,-0.16406,0.87522,-0.2511,-0.41346,-0.44061,-0.061038,-0.89562
0.68431,-0.0036364,0.15714,0.19965,0.96604,-0.16406,0.87522,-0.2511,-0.41346,-0.44061,-0.061038,-0.89562
0.6837,-0.0065701,0.15764,0.19965,0.96604,-0.16406,0.87522,-0.2511,-0.41346,-0.44061,-0.061038,-0.89562
0.68309,-0.0095038,0.15813,0.19965,0.96604,-0.16406,0.87522,-0.2511,-0.41346,-0.44061,-0.061038,-0.89562
0.68249,-0.012437,0.15863,0.19965,0.96604,-0.16406,0.87522,-0.2511,-0.41346,-0.44061,-0.061038,-0.89562
0.68188,-0.015371,0.15913,0.19965,0.96604,-0.16406,0.87522,-0.2511,-0.41346,-0.44061,-0.061038,-0.89562
0.68127,-0.018305,0.15963,0.19636,0.96697,-0.1625,0.87596,-0.24746,-0.41407,-0.44061,-0.061038,-0.89562
0.68067,-0.021239,0.1601,0.19772,0.96953,-0.14466,0.88859,-0.23958,-0.39116,-0.4139,-0.051198,-0.90888
0.68006,-0.024172,0.16052,0.20104,0.97277,-0.11535,0.88358,-0.23092,-0.40739,-0.42293,-0.020021,-0.90594
0.67945,-0.027106,0.16087,0.20104,0.97277,-0.11535,0.88358,-0.23092,-0.40739,-0.42293,-0.020021,-0.90594
0.67885,-0.03004,0.16121,0.20104,0.97277,-0.11535,0.88358,-0.23092,-0.40739,-0.42293,-0.020021,-0.90594
0.67824,-0.032973,0.16156,0.20013,0.973,-0.11493,0.88379,-0.22991,-0.40751,-0.42293,-0.020021,-0.90594
0.67764,-0.035907,0.1619,0.20115,0.97327,-0.11085,0.87172,-0.22947,-0.43294,-0.44681,-0.0095449,-0.89458
0.67703,-0.038841,0.16224,0.20115,0.97327,-0.11085,0.87172,-0.22947,-0.43294,-0.44681,-0.0095449,-0.89458
0.67642,-0.041774,0.16257,0.20115,0.97327,-0.11085,0.87172,-0.22947,-0.43294,-0.44681,-0.0095449,-0.89458
0.67582,-0.044708,0.16291,0.20115,0.97327,-0.11085,0.87172,-0.22947,-0.43294,-0.44681,-0.0095449,-0.89458
0.67521,-0.047642,0.16324,0.20115,0.97327,-0.11085,0.87172,-0.22947,-0.43294,-0.44681,-0.0095449,-0.89458
0.6746,-0.050576,0.16357,0.19859,0.97394,-0.10958,0.87231,-0.22661,-0.43327,-0.44681,-0.0095449,-0.89458
0.674,-0.053509,0.16389,0.20121,0.97574,-0.086334,0.87323,-0.21861,-0.43553,-0.44384,0.012243,-0.89602
0.67339,-0.056443,0.16414,0.20193,0.97706,-0.067642,0.88396,-0.21156,-0.41696,-0.4217,0.024404,-0.90641
0.67279,-0.059377,0.16435,0.20193,0.97706,-0.067642,0.88396,-0.21156,-0.41696,-0.4217,0.024404,-0.90641
0.67218,-0.06231,0.16455,0.20193,0.97706,-0.067642,0.88396,-0.21156,-0.41696,-0.4217,0.024404,-0.90641
0.67157,-0.065244,0.16475,0.20193,0.97706,-0.067642,0.88396,-0.21156,-0.41696,-0.4217,0.024404,-0.90641
0.67097,-0.068178,0.16496,0.20193,0.97706,-0.067642,0.88396,-0.21156,-0.41696,-0.4217,0.024404,-0.90641
0.67036,-0.071112,0.16516,0.20098,0.97729,-0.067193,0.88418,-0.2105,-0.41703,-0.4217,0.024404,-0.90641
0.66975,-0.074045,0.16536,0.202,0.97739,-0.062464,0.88488,-0.20947,-0.41607,-0.41975,0.028775,-0.90718
0.66915,-0.076979,0.16554,0.202,0.97739,-0.062464,0.88488,-0.20947,-0.41607,-0.41975,0.028775,-0.90718
0.66854,-0.079913,0.16573,0.202,0.97739,-0.062464,0.88488,-0.20947,-0.41607,-0.41975,0.028775,-0.90718
0.66793,-0.082846,0.16592,0.202,0.97739,-0.062464,0.88488,-0.20947,-0.41607,-0.41975,0.028775,-0.90718
0.66733,-0.08578,0.16611,0.202,0.97739,-0.062464,0.88488,-0.20947,-0.41607,-0.41975,0.028775,-0.90718
0.66672,-0.088714,0.16629,0.2016,0.97749,-0.062273,0.88497,-0.20902,-0.4161,-0.41975,0.028775,-0.90718
0.66612,-0.091647,0.16648,0.19055,0.9809,-0.03911,0.8827,-0.18863,-0.43042,-0.42958,0.047494,-0.90178
0.66551,-0.094581,0.16652,0.20239,0.97928,-0.0073752,0.89541,-0.1881,-0.40355,-0.39657,0.07507,-0.91493
0.6649,-0.097515,0.16654,0.20239,0.97928,-0.0073752,0.89541,-0.1881,-0.40355,-0.39657,0.07507,-0.91493
0.6643,-0.10045,0.16656,0.20239,0.97928,-0.0073752,0.89541,-0.1881,-0.40355,-0.39657,0.07507,-0.91493
0.66369,-0.10338,0.16659,0.20239,0.97928,-0.0073752,0.89541,-0.1881,-0.40355,-0.39657,0.07507,-0.91493
0.66308,-0.10632,0.16661,0.20239,0.97928,-0.0073752,0.89541,-0.1881,-0.40355,-0.39657,0.07507,-0.91493
0.66248,-0.10925,0.16663,0.20239,0.97928,-0.0073752,0.89541,-0.1881,-0.40355,-0.39657,0.07507,-0.91493
0.66187,-0.11218,0.16665,0.20001,0.97977,-0.0063019,0.89595,-0.18549,-0.40357,-0.39657,0.07507,-0.91493
0.66127,-0.11512,0.16665,0.20239,0.9793,0.002579,0.89394,-0.18368,-0.40883,-0.39989,0.08505,-0.91261
0.66066,-0.11805,0.16665,0.19806,0.98018,0.0045592,0.89491,-0.17893,-0.40881,-0.39989,0.08505,-0.91261
0.66005,-0.12098,0.1666,0.20235,0.9791,0.020279,0.89673,-0.17693,-0.40569,-0.39362,0.10028,-0.91379
0.65945,-0.12392,0.16654,0.19781,0.97999,0.022331,0.89774,-0.17197,-0.40558,-0.39362,0.10028,-0.91379
0.65884,-0.12685,0.16644,0.2022,0.97838,0.043545,0.90768,-0.17053,-0.38346,-0.36774,0.11706,-0.92253
0.65823,-0.12979,0.16631,0.2022,0.97838,0.043545,0.90768,-0.17053,-0.38346,-0.36774,0.11706,-0.92253
0.65763,-0.13272,0.16618,0.2022,0.97838,0.043545,0.90768,-0.17053,-0.38346,-0.36774,0.11706,-0.92253
0.65702,-0.13565,0.16605,0.19841,0.97908,0.045146,0.90852,-0.16644,-0.38327,-0.36774,0.11706,-0.92253
0.65641,-0.13859,0.16589,0.20203,0.97756,0.059726,0.91122,-0.16527,-0.37732,-0.35898,0.13065,-0.92416
0.65581,-0.14152,0.16571,0.20203,0.97756,0.059726,0.91122,-0.16527,-0.37732,-0.35898,0.13065,-0.92416
0.6552,-0.14445,0.16553,0.20203,0.97756,0.059726,0.91122,-0.16527,-0.37732,-0.35898,0.13065,-0.92416
0.6546,-0.14739,0.16535,0.20203,0.97756,0.059726,0.91122,-0.16527,-0.37732,-0.35898,0.13065,-0.92416
0.65399,-0.15032,0.16517,0.20203,0.97756,0.059726,0.91122,-0.16527,-0.37732,-0.35898,0.13065,-0.92416
0.65338,-0.15326,0.16499,0.19912,0.97808,0.060933,0.91186,-0.16214,-0.37712,-0.35898,0.13065,-0.92416
0.65278,-0.15619,0.16479,0.20188,0.97681,0.071269,0.9181,-0.1634,-0.3611,-0.34108,0.13833,-0.9298
0.65217,-0.15912,0.16457,0.19424,0.97814,0.074268,0.91975,-0.15527,-0.36049,-0.34108,0.13833,-0.9298
0.65156,-0.16206,0.16429,0.20114,0.97324,0.11109,0.92687,-0.1524,-0.34306,-0.31695,0.17197,-0.93272
0.65096,-0.16499,0.16396,0.20004,0.97342,0.1115,0.92711,-0.15124,-0.34293,-0.31695,0.17197,-0.93272
0.65035,-0.16792,0.16361,0.20086,0.97186,0.12306,0.9251,-0.14685,-0.35018,-0.32225,0.18418,-0.92856
0.64975,-0.17086,0.16324,0.20086,0.97186,0.12306,0.9251,-0.14685,-0.35018,-0.32225,0.18418,-0.92856
0.64914,-0.17379,0.16287,0.20086,0.97186,0.12306,0.9251,-0.14685,-0.35018,-0.32225,0.18418,-0.92856
0.64853,-0.17672,0.1625,0.20086,0.97186,0.12306,0.9251,-0.14685,-0.35018,-0.32225,0.18418,-0.92856
0.64793,-0.17966,0.16212,0.20086,0.97186,0.12306,0.9251,-0.14685,-0.35018,-0.32225,0.18418,-0.92856
0.64732,-0.18259,0.16175,0.19753,0.97238,0.12432,0.92582,-0.14336,-0.34973,-0.32225,0.18418,-0.92856
0.64671,-0.18553,0.16135,0.19997,0.96756,0.15437,0.93159,-0.13894,-0.3359,-0.30356,0.21098,-0.92916
0.64611,-0.18846,0.16088,0.19997,0.96756,0.15437,0.93159,-0.13894,-0.3359,-0.30356,0.21098,-0.92916
0.6455,-0.19139,0.16041,0.19997,0.96756,0.15437,0.93159,-0.13894,-0.3359,-0.30356,0.21098,-0.92916
0.64489,-0.19433,0.15995,0.19997,0.96756,0.15437,0.93159,-0.13894,-0.3359,-0.30356,0.21098,-0.92916
0.64429,-0.19726,0.15948,0.19829,0.96781,0.15498,0.93195,-0.1372,-0.33563,-0.30356,0.21098,-0.92916
0.64368,-0.20019,0.15899,0.19719,0.96504,0.17267,0.93143,-0.12947,-0.34012,-0.30587,0.22789,-0.9244
0.64308,-0.20313,0.15845,0.19789,0.95721,0.21117,0.94193,-0.12607,-0.31124,-0.27129,0.2605,-0.92657
0.64247,-0.20606,0.1578,0.19784,0.95726,0.21097,0.94187,-0.12602,-0.31144,-0.27154,0.26033,-0.92655
0.64186,-0.209,0.15716,0.19784,0.95726,0.21097,0.94187,-0.12602,-0.31144,-0.27154,0.26033,-0.92655
0.64126,-0.21193,0.15651,0.19784,0.95726,0.21097,0.94187,-0.12602,-0.31144,-0.27154,0.26033,-0.92655
0.64065,-0.21486,0.15586,0.19784,0.95726,0.21097,0.94187,-0.12602,-0.31144,-0.27154,0.26033,-0.92655
0.64004,-0.2178,0.15522,0.19784,0.95726,0.21097,0.94187,-0.12602,-0.31144,-0.27154,0.26033,-0.92655
0.63944,-0.22073,0.15457,0.19341,0.95784,0.21244,0.94279,-0.12152,-0.31045,-0.27154,0.26033,-0.92655
0.63883,-0.22366,0.15388,0.19585,0.94862,0.24852,0.95014,-0.12086,-0.28746,-0.24266,0.29243,-0.92499
0.63823,-0.2266,0.15311,0.19562,0.94651,0.25661,0.95231,-0.12085,-0.28019,-0.23419,0.29918,-0.92501
0.63762,-0.22953,0.15231,0.19562,0.94651,0.25661,0.95231,-0.12085,-0.28019,-0.23419,0.29918,-0.92501
0.63701,-0.23247,0.15152,0.19562,0.94651,0.25661,0.95231,-0.12085,-0.28019,-0.23419,0.29918,-0.92501
0.63641,-0.2354,0.15072,0.19562,0.94651,0.25661,0.95231,-0.12085,-0.28019,-0.23419,0.29918,-0.92501
0.6358,-0.23833,0.14993,0.19544,0.94653,0.25667,0.95234,-0.12067,-0.28014,-0.23419,0.29918,-0.92501
0.63519,-0.24127,0.14913,0.19498,0.94341,0.26825,0.95449,-0.11958,-0.27323,-0.2257,0.30931,-0.92379
0.63459,-0.2442,0.14829,0.18044,0.94512,0.27237,0.95734,-0.10521,-0.26912,-0.2257,0.30931,-0.92379
0.63398,-0.24713,0.14728,0.19406,0.92102,0.33773,0.96857,-0.12528,-0.21488,-0.1556,0.36881,-0.91639
0.63337,-0.25007,0.14626,0.19346,0.93605,0.29392,0.95803,-0.11563,-0.26231,-0.21155,0.33233,-0.91913
0.63277,-0.253,0.14534,0.19346,0.93605,0.29392,0.95803,-0.11563,-0.26231,-0.21155,0.33233,-0.91913
0.63216,-0.25593,0.14442,0.19346,0.93605,0.29392,0.95803,-0.11563,-0.26231,-0.21155,0.33233,-0.91913
0.63156,-0.25887,0.1435,0.18991,0.93647,0.29489,0.95874,-0.11217,-0.26122,-0.21155,0.33233,-0.91913
0.63095,-0.2618,0.14253,0.19061,0.92228,0.33625,0.96698,-0.11738,-0.2262,-0.16915,0.36826,-0.91421
0.63034,-0.26474,0.14146,0.19061,0.92228,0.33625,0.96698,-0.11738,-0.2262,-0.16915,0.36826,-0.91421
0.62974,-0.26767,0.14039,0.18552,0.92289,0.33743,0.96797,-0.11253,-0.22443,-0.16915,0.36826,-0.91421
0.62913,-0.2706,0.13925,0.19044,0.9004,0.39117,0.97422,-0.12423,-0.18833,-0.12098,0.41695,-0.90084
0.62852,-0.27354,0.13805,0.1883,0.9111,0.36667,0.97021,-0.11463,-0.21341,-0.1524,0.39594,-0.90554
0.62792,-0.27647,0.13687,0.1883,0.9111,0.36667,0.97021,-0.11463,-0.21341,-0.1524,0.39594,-0.90554
0.62731,-0.2794,0.13569,0.18347,0.91165,0.36773,0.97114,-0.11009,-0.21158,-0.1524,0.39594,-0.90554
0.62671,-0.28234,0.13443,0.18629,0.9014,0.39087,0.97345,-0.1155,-0.1976,-0.13297,0.41731,-0.89899
0.6261,-0.28527,0.13316,0.18322,0.90176,0.39149,0.97404,-0.11265,-0.19636,-0.13297,0.41731,-0.89899
0.62549,-0.28821,0.13183,0.18481,0.89419,0.40775,0.97488,-0.11432,-0.19115,-0.12431,0.43284,-0.89286
0.62489,-0.29114,0.1305,0.18481,0.89419,0.40775,0.97488,-0.11432,-0.19115,-0.12431,0.43284,-0.89286
0.62428,-0.29407,0.12916,0.18481,0.89419,0.40775,0.97488,-0.11432,-0.19115,-0.12431,0.43284,-0.89286
0.62367,-0.29701,0.12782,0.18084,0.89465,0.40853,0.97562,-0.11068,-0.18949,-0.12431,0.43284,-0.89286
0.62307,-0.29994,0.12641,0.17627,0.88145,0.43814,0.97905,-0.1109,-0.17076,-0.10193,0.45907,-0.88254
0.62246,-0.30287,0.12484,0.17891,0.86569,0.46752,0.97995,-0.11443,-0.16313,-0.087718,0.48733,-0.8688
0.62185,-0.30581,0.12326,0.17891,0.86569,0.46752,0.97995,-0.11443,-0.16313,-0.087718,0.48733,-0.8688
0.62125,-0.30874,0.12167,0.17891,0.86569,0.46752,0.97995,-0.11443,-0.16313,-0.087718,0.48733,-0.8688
0.62064,-0.31168,0.12009,0.17891,0.86569,0.46752,0.97995,-0.11443,-0.16313,-0.087718,0.48733,-0.8688
0.62004,-0.31461,0.1185,0.17891,0.86569,0.46752,0.97995,-0.11443,-0.16313,-0.087718,0.48733,-0.8688
0.61943,-0.31754,0.11692,0.17756,0.86585,0.46774,0.98019,-0.11323,-0.16248,-0.087718,0.48733,-0.8688
0.61882,-0.32048,0.11531,0.17228,0.83417,0.52391,0.98379,-0.11881,-0.13432,-0.049802,0.53856,-0.84111
0.61822,-0.32341,0.11346,0.17228,0.83357,0.52487,0.98374,-0.11809,-0.13534,-0.050838,0.53965,-0.84036
0.61761,-0.32634,0.11161,0.17228,0.83357,0.52487,0.98374,-0.11809,-0.13534,-0.050838,0.53965,-0.84036
0.617,-0.32928,0.10977,0.17228,0.83357,0.52487,0.98374,-0.11809,-0.13534,-0.050838,0.53965,-0.84036
0.6164,-0.33221,0.10792,0.17228,0.83357,0.52487,0.98374,-0.11809,-0.13534,-0.050838,0.53965,-0.84036
0.61579,-0.33514,0.10607,0.17228,0.83357,0.52487,0.98374,-0.11809,-0.13534,-0.050838,0.53965,-0.84036
0.61519,-0.33808,0.10422,0.16628,0.83427,0.52568,0.98477,-0.11301,-0.13214,-0.050838,0.53965,-0.84036
0.61458,-0.34101,0.10222,0.16657,0.80597,0.56803,0.98593,-0.14417,-0.084555,0.013746,0.57413,-0.81865
0.61397,-0.34395,0.10015,0.16657,0.80597,0.56803,0.98593,-0.14417,-0.084555,0.013746,0.57413,-0.81865
0.70506,-0.15149,0.14192,-0.31835,0.9077,0.27339,0.81092,0.41012,-0.41739,-0.49099,0.088822,-0.86663
0.70602,-0.15423,0.14109,-0.31835,0.9077,0.27339,0.81092,0.41012,-0.41739,-0.49099,0.088822,-0.86663
0.70698,-0.15697,0.14027,-0.31835,0.9077,0.27339,0.81092,0.41012,-0.41739,-0.49099,0.088822,-0.86663
0.70794,-0.15971,0.13944,-0.31895,0.90739,0.2737,0.81068,0.4108,-0.41718,-0.49099,0.088822,-0.86663
0.7089,-0.16245,0.13861,-0.31802,0.90677,0.27682,0.82958,0.4075,-0.38175,-0.45897,0.10824,-0.88183
0.70986,-0.16519,0.13778,-0.31802,0.90677,0.27682,0.82958,0.4075,-0.38175,-0.45897,0.10824,-0.88183
0.71082,-0.16793,0.13694,-0.31802,0.90677,0.27682,0.82958,0.4075,-0.38175,-0.45897,0.10824,-0.88183
0.71178,-0.17066,0.1361,-0.31802,0.90677,0.27682,0.82958,0.4075,-0.38175,-0.45897,0.10824,-0.88183
0.71275,-0.1734,0.13527,-0.31802,0.90677,0.27682,0.82958,0.4075,-0.38175,-0.45897,0.10824,-0.88183
0.71371,-0.17614,0.13443,-0.31802,0.90677,0.27682,0.82958,0.4075,-0.38175,-0.45897,0.10824,-0.88183
0.71467,-0.17888,0.13359,-0.31802,0.90677,0.27682,0.82958,0.4075,-0.38175,-0.45897,0.10824,-0.88183
0.71563,-0.18162,0.13276,-0.31802,0.90677,0.27682,0.82958,0.4075,-0.38175,-0.45897,0.10824,-0.88183
0.71659,-0.18436,0.13192,-0.31802,0.90677,0.27682,0.82958,0.4075,-0.38175,-0.45897,0.10824,-0.88183
0.71755,-0.1871,0.13108,-0.31819,0.90669,0.2769,0.82952,0.40768,-0.3817,-0.45897,0.10824,-0.88183
0.71851,-0.18984,0.13025,-0.3179,0.90642,0.27809,0.83052,0.40771,-0.37949,-0.45736,0.11032,-0.88241
0.71947,-0.19258,0.12941,-0.3179,0.90642,0.27809,0.83052,0.40771,-0.37949,-0.45736,0.11032,-0.88241
0.72043,-0.19532,0.12856,-0.3179,0.90642,0.27809,0.83052,0.40771,-0.37949,-0.45736,0.11032,-0.88241
0.72139,-0.19806,0.12772,-0.3179,0.90642,0.27809,0.83052,0.40771,-0.37949,-0.45736,0.11032,-0.88241
0.72235,-0.2008,0.12688,-0.31692,0.9069,0.27765,0.83089,0.40664,-0.37982,-0.45736,0.11032,-0.88241
0.72331,-0.20354,0.12605,-0.31841,0.90788,0.27271,0.83843,0.40395,-0.36587,-0.44233,0.11215,-0.88981
0.72428,-0.20628,0.12523,-0.31841,0.90788,0.27271,0.83843,0.40395,-0.36587,-0.44233,0.11215,-0.88981
0.72524,-0.20902,0.12441,-0.31841,0.90788,0.27271,0.83843,0.40395,-0.36587,-0.44233,0.11215,-0.88981
0.7262,-0.21176,0.12358,-0.31841,0.90788,0.27271,0.83843,0.40395,-0.36587,-0.44233,0.11215,-0.88981
0.72716,-0.2145,0.12276,-0.31841,0.90788,0.27271,0.83843,0.40395,-0.36587,-0.44233,0.11215,-0.88981
0.72812,-0.21724,0.12194,-0.31841,0.90788,0.27271,0.83843,0.40395,-0.36587,-0.44233,0.11215,-0.88981
0.72908,-0.21998,0.12111,-0.31968,0.90727,0.27326,0.83795,0.40532,-0.36546,-0.44233,0.11215,-0.88981
0.73004,-0.22272,0.12028,-0.31777,0.90604,0.2795,0.84558,0.40416,-0.34878,-0.42897,0.12551,-0.89456
0.731,-0.22546,0.11943,-0.31777,0.90604,0.2795,0.84558,0.40416,-0.34878,-0.42897,0.12551,-0.89456
0.73196,-0.2282,0.11859,-0.31711,0.90635,0.27923,0.84583,0.40345,-0.349,-0.42897,0.12551,-0.89456
0.73292,-0.23094,0.11775,-0.31825,0.90741,0.27446,0.84414,0.403,-0.35357,-0.43144,0.11916,-0.89424
0.73388,-0.23368,0.11692,-0.31326,0.90977,0.27237,0.846,0.39764,-0.35519,-0.43144,0.11916,-0.89424
0.73485,-0.23642,0.11614,-0.32148,0.91661,0.23764,0.85132,0.38966,-0.35132,-0.41462,0.089368,-0.9056
0.73581,-0.23916,0.11543,-0.32148,0.91661,0.23764,0.85132,0.38966,-0.35132,-0.41462,0.089368,-0.9056
0.73677,-0.2419,0.11472,-0.32148,0.91661,0.23764,0.85132,0.38966,-0.35132,-0.41462,0.089368,-0.9056
0.73773,-0.24464,0.11401,-0.32148,0.91661,0.23764,0.85132,0.38966,-0.35132,-0.41462,0.089368,-0.9056
0.73869,-0.24738,0.1133,-0.32148,0.91661,0.23764,0.85132,0.38966,-0.35132,-0.41462,0.089368,-0.9056
0.73965,-0.25012,0.11259,-0.32488,0.91505,0.23904,0.85003,0.39332,-0.35036,-0.41462,0.089368,-0.9056
0.74061,-0.25286,0.11185,-0.32006,0.91258,0.25446,0.86075,0.39232,-0.32435,-0.39583,0.11521,-0.91107
0.74157,-0.2556,0.11108,-0.32006,0.91258,0.25446,0.86075,0.39232,-0.32435,-0.39583,0.11521,-0.91107
0.74253,-0.25834,0.11032,-0.32006,0.91258,0.25446,0.86075,0.39232,-0.32435,-0.39583,0.11521,-0.91107
0.74349,-0.26108,0.10956,-0.32006,0.91258,0.25446,0.86075,0.39232,-0.32435,-0.39583,0.11521,-0.91107
0.74445,-0.26382,0.10879,-0.30783,0.91806,0.24984,0.8652,0.37934,-0.32792,-0.39583,0.11521,-0.91107
0.74542,-0.26656,0.10816,-0.3245,0.92524,0.19657,0.86471,0.3744,-0.3348,-0.38337,0.061333,-0.92156
0.74638,-0.26929,0.10758,-0.3245,0.92524,0.19657,0.86471,0.3744,-0.3348,-0.38337,0.061333,-0.92156
0.74734,-0.27203,0.10699,-0.3245,0.92524,0.19657,0.86471,0.3744,-0.3348,-0.38337,0.061333,-0.92156
0.7483,-0.27477,0.10641,-0.3245,0.92524,0.19657,0.86471,0.3744,-0.3348,-0.38337,0.061333,-0.92156
0.74926,-0.27751,0.10583,-0.3245,0.92524,0.19657,0.86471,0.3744,-0.3348,-0.38337,0.061333,-0.92156
0.75022,-0.28025,0.10525,-0.3228,0.92597,0.19591,0.86535,0.37258,-0.33519,-0.38337,0.061333,-0.92156
0.75118,-0.28299,0.10468,-0.32522,0.9273,0.18532,0.87362,0.36964,-0.31648,-0.36197,0.058975,-0.93032
0.75214,-0.28573,0.10414,-0.31916,0.92984,0.18313,0.87585,0.36321,-0.31775,-0.36197,0.058975,-0.93032
0.7531,-0.28847,0.10365,-0.32687,0.93201,0.15659,0.87897,0.36068,-0.31196,-0.34723,0.035662,-0.9371
0.75406,-0.29121,0.10319,-0.32687,0.93201,0.15659,0.87897,0.36068,-0.31196,-0.34723,0.035662,-0.9371
0.45653,-0.047021,0.20756,0.071135,0.99742,-0.0096241,0.99687,-0.070754,0.03534,0.034568,-0.012108,-0.99933
0.45633,-0.049899,0.20759,0.071135,0.99742,-0.0096241,0.99687,-0.070754,0.03534,0.034568,-0.012108,-0.99933
0.45612,-0.052777,0.20762,0.071135,0.99742,-0.0096241,0.99687,-0.070754,0.03534,0.034568,-0.012108,-0.99933
0.45592,-0.055655,0.20765,0.071677,0.99738,-0.0096049,0.99683,-0.071297,0.035346,0.034568,-0.012108,-0.99933
0.45571,-0.058533,0.20763,0.071123,0.99726,0.020518,0.99634,-0.072007,0.046122,0.047473,0.017163,-0.99873
0.45551,-0.061411,0.20757,0.071123,0.99726,0.020518,0.99634,-0.072007,0.046122,0.047473,0.017163,-0.99873
0.4553,-0.064289,0.20751,0.071123,0.99726,0.020518,0.99634,-0.072007,0.046122,0.047473,0.017163,-0.99873
0.4551,-0.067167,0.20745,0.071123,0.99726,0.020518,0.99634,-0.072007,0.046122,0.047473,0.017163,-0.99873
0.45489,-0.070045,0.20739,0.071127,0.99726,0.020518,0.99634,-0.07201,0.046122,0.047473,0.017163,-0.99873
0.45469,-0.072923,0.20733,0.07102,0.99582,0.057516,0.99722,-0.072185,0.018428,0.022503,0.056048,-0.99817
0.45448,-0.075801,0.20717,0.07102,0.99582,0.057516,0.99722,-0.072185,0.018428,0.022503,0.056048,-0.99817
0.45428,-0.078679,0.207,0.071581,0.99577,0.057527,0.99718,-0.072744,0.018396,0.022503,0.056048,-0.99817
0.45407,-0.081557,0.20675,0.070832,0.99317,0.092724,0.99537,-0.076432,0.058305,0.064994,0.088165,-0.99398
0.45386,-0.084435,0.20648,0.070832,0.99317,0.092724,0.99537,-0.076432,0.058305,0.064994,0.088165,-0.99398
0.45366,-0.087313,0.20621,0.070832,0.99317,0.092724,0.99537,-0.076432,0.058305,0.064994,0.088165,-0.99398
0.45345,-0.090191,0.20594,0.070832,0.99317,0.092724,0.99537,-0.076432,0.058305,0.064994,0.088165,-0.99398
0.45325,-0.093069,0.20567,0.071887,0.99309,0.092786,0.99529,-0.077485,0.058207,0.064994,0.088165,-0.99398
0.45304,-0.095948,0.20535,0.070659,0.99075,0.11581,0.99604,-0.076358,0.045525,0.053947,0.11213,-0.99223
0.45284,-0.098826,0.20501,0.070659,0.99075,0.11581,0.99604,-0.076358,0.045525,0.053947,0.11213,-0.99223
0.45263,-0.1017,0.20468,0.070659,0.99075,0.11581,0.99604,-0.076358,0.045525,0.053947,0.11213,-0.99223
0.45243,-0.10458,0.20434,0.070819,0.99074,0.11582,0.99603,-0.076516,0.045507,0.053947,0.11213,-0.99223
0.45222,-0.10746,0.204,0.070585,0.98971,0.12448,0.99682,-0.074626,0.028102,0.037102,0.1221,-0.99182
0.45202,-0.11034,0.20363,0.070585,0.98971,0.12448,0.99682,-0.074626,0.028102,0.037102,0.1221,-0.99182
0.45181,-0.11322,0.20327,0.070859,0.98969,0.12449,0.9968,-0.074899,0.028068,0.037102,0.1221,-0.99182
0.45161,-0.11609,0.20288,0.070424,0.98746,0.1413,0.99706,-0.073949,0.019845,0.030045,0.13949,-0.98977
0.4514,-0.11897,0.20247,0.070798,0.98743,0.14131,0.99704,-0.074319,0.019792,0.030045,0.13949,-0.98977
0.4512,-0.12185,0.202,0.070071,0.9825,0.17259,0.99626,-0.077703,0.037863,0.050612,0.1693,-0.98426
0.45099,-0.12473,0.2015,0.070071,0.9825,0.17259,0.99626,-0.077703,0.037863,0.050612,0.1693,-0.98426
0.45079,-0.12761,0.20099,0.070071,0.9825,0.17259,0.99626,-0.077703,0.037863,0.050612,0.1693,-0.98426
0.45058,-0.13048,0.20049,0.070071,0.9825,0.17259,0.99626,-0.077703,0.037863,0.050612,0.1693,-0.98426
0.45038,-0.13336,0.19998,0.070071,0.9825,0.17259,0.99626,-0.077703,0.037863,0.050612,0.1693,-0.98426
0.45017,-0.13624,0.19947,0.070071,0.9825,0.17259,0.99626,-0.077703,0.037863,0.050612,0.1693,-0.98426
0.44996,-0.13912,0.19897,0.07085,0.98244,0.17262,0.9962,-0.078472,0.037728,0.050612,0.1693,-0.98426
0.44976,-0.142,0.1984,0.069771,0.9783,0.19511,0.99692,-0.075388,0.021502,0.035744,0.19301,-0.98055
0.44955,-0.14487,0.19783,0.069771,0.9783,0.19511,0.99692,-0.075388,0.021502,0.035744,0.19301,-0.98055
0.44935,-0.14775,0.19725,0.070206,0.97826,0.19512,0.99689,-0.075814,0.021417,0.035744,0.19301,-0.98055
0.44914,-0.15063,0.19662,0.069367,0.97264,0.22174,0.99613,-0.079546,0.037297,0.053915,0.2183,-0.97439
0.44894,-0.15351,0.19596,0.069367,0.97264,0.22174,0.99613,-0.079546,0.037297,0.053915,0.2183,-0.97439
0.44873,-0.15639,0.19531,0.069367,0.97264,0.22174,0.99613,-0.079546,0.037297,0.053915,0.2183,-0.97439
0.44853,-0.15926,0.19465,0.06942,0.97263,0.22174,0.99613,-0.079598,0.037285,0.053915,0.2183,-0.97439
0.44832,-0.16214,0.19399,0.06931,0.97183,0.22527,0.99561,-0.081625,0.045813,0.06291,0.2211,-0.97322
0.44812,-0.16502,0.19332,0.06931,0.97183,0.22527,0.99561,-0.081625,0.045813,0.06291,0.2211,-0.97322
0.44791,-0.1679,0.19266,0.06931,0.97183,0.22527,0.99561,-0.081625,0.045813,0.06291,0.2211,-0.97322
0.44771,-0.17078,0.19199,0.070499,0.97173,0.22532,0.99553,-0.082786,0.045544,0.06291,0.2211,-0.97322
0.4475,-0.17366,0.19125,0.069256,0.96414,0.25619,0.99472,-0.086231,0.055618,0.075715,0.25099,-0.96502
0.4473,-0.17653,0.19045,0.068526,0.96084,0.26849,0.99502,-0.08536,0.051521,0.072423,0.26363,-0.9619
0.44709,-0.17941,0.18965,0.068526,0.96084,0.26849,0.99502,-0.08536,0.051521,0.072423,0.26363,-0.9619
0.44689,-0.18229,0.18885,0.068526,0.96084,0.26849,0.99502,-0.08536,0.051521,0.072423,0.26363,-0.9619
0.44668,-0.18517,0.18804,0.068526,0.96084,0.26849,0.99502,-0.08536,0.051521,0.072423,0.26363,-0.9619
0.44648,-0.18805,0.18724,0.068774,0.96082,0.26851,0.995,-0.0856,0.051454,0.072423,0.26363,-0.9619
0.44627,-0.19092,0.18642,0.068313,0.95748,0.2803,0.99718,-0.074285,0.010723,0.031089,0.27877,-0.95985
0.44606,-0.1938,0.18557,0.067422,0.94487,0.32043,0.99713,-0.074926,0.011134,0.034529,0.31875,-0.94721
0.44586,-0.19668,0.18458,0.067179,0.94196,0.32894,0.99635,-0.080753,0.027762,0.052714,0.32588,-0.94394
0.44565,-0.19956,0.18358,0.067179,0.94196,0.32894,0.99635,-0.080753,0.027762,0.052714,0.32588,-0.94394
0.44545,-0.20244,0.18257,0.067179,0.94196,0.32894,0.99635,-0.080753,0.027762,0.052714,0.32588,-0.94394
0.44524,-0.20531,0.18157,0.067179,0.94196,0.32894,0.99635,-0.080753,0.027762,0.052714,0.32588,-0.94394
0.44504,-0.20819,0.18056,0.067179,0.94196,0.32894,0.99635,-0.080753,0.027762,0.052714,0.32588,-0.94394
0.44483,-0.21107,0.17956,0.067367,0.94194,0.32895,0.99633,-0.08093,0.0277,0.052714,0.32588,-0.94394
0.44463,-0.21395,0.17853,0.066933,0.9385,0.33872,0.99612,-0.082305,0.031207,0.057166,0.33532,-0.94037
0.44442,-0.21683,0.17749,0.066933,0.9385,0.33872,0.99612,-0.082305,0.031207,0.057166,0.33532,-0.94037
0.44422,-0.2197,0.17645,0.068136,0.9384,0.33876,0.99604,-0.083438,0.030798,0.057166,0.33532,-0.94037
0.44401,-0.22258,0.1753,0.065956,0.92481,0.37466,0.99681,-0.077978,0.016998,0.044935,0.37235,-0.927
0.44381,-0.22546,0.17413,0.065956,0.92481,0.37466,0.99681,-0.077978,0.016998,0.044935,0.37235,-0.927
0.4436,-0.22834,0.17296,0.065956,0.92481,0.37466,0.99681,-0.077978,0.016998,0.044935,0.37235,-0.927
0.4434,-0.23122,0.1718,0.066089,0.9248,0.37467,0.9968,-0.0781,0.016948,0.044935,0.37235,-0.927
0.44319,-0.23409,0.17061,0.065352,0.91634,0.39504,0.99606,-0.083695,0.029361,0.059967,0.39156,-0.91819
0.44299,-0.23697,0.16937,0.065352,0.91634,0.39504,0.99606,-0.083695,0.029361,0.059967,0.39156,-0.91819
0.44278,-0.23985,0.16813,0.06608,0.91628,0.39506,0.99601,-0.084365,0.029072,0.059967,0.39156,-0.91819
0.44258,-0.24273,0.16681,0.064658,0.90661,0.41699,0.99634,-0.082054,0.023908,0.055891,0.41391,-0.9086
0.44237,-0.24561,0.16548,0.064658,0.90661,0.41699,0.99634,-0.082054,0.023908,0.055891,0.41391,-0.9086
0.44217,-0.24848,0.16416,0.06481,0.9066,0.41699,0.99633,-0.082192,0.023845,0.055891,0.41391,-0.9086
0.44196,-0.25136,0.16281,0.064055,0.89815,0.43499,0.99761,-0.069027,-0.0043793,0.026093,0.43423,-0.90042
0.44175,-0.25424,0.16142,0.064055,0.89815,0.43499,0.99761,-0.069027,-0.0043793,0.026093,0.43423,-0.90042
0.44155,-0.25712,0.16003,0.063919,0.89816,0.43499,0.99761,-0.068904,-0.0043199,0.026093,0.43423,-0.90042
0.44134,-0.26,0.15853,0.062971,0.88295,0.46522,0.99782,-0.064903,-0.011882,0.019704,0.46496,-0.88511
0.44114,-0.26287,0.15702,0.062918,0.88295,0.46522,0.99782,-0.064856,-0.011857,0.019704,0.46496,-0.88511
0.44093,-0.26575,0.15548,0.062507,0.87645,0.47742,0.99739,-0.07217,0.0019043,0.036125,0.47606,-0.87867
0.44073,-0.26863,0.15392,0.062507,0.87645,0.47742,0.99739,-0.07217,0.0019043,0.036125,0.47606,-0.87867
0.44052,-0.27151,0.15235,0.062507,0.87645,0.47742,0.99739,-0.07217,0.0019043,0.036125,0.47606,-0.87867
0.44032,-0.27439,0.15078,0.062537,0.87644,0.47742,0.99739,-0.072196,0.0018901,0.036125,0.47606,-0.87867
0.44011,-0.27727,0.14916,0.062014,0.86953,0.48997,0.99723,-0.074209,0.0054803,0.041126,0.48827,-0.87172
0.43991,-0.28014,0.14754,0.062185,0.86952,0.48997,0.99722,-0.074359,0.005396,0.041126,0.48827,-0.87172
0.4397,-0.28302,0.14581,0.060955,0.85469,0.51555,0.99749,-0.070874,-0.00043962,0.036163,0.51428,-0.85686
0.4395,-0.2859,0.14408,0.060954,0.85469,0.51555,0.99749,-0.070873,-0.00043871,0.036163,0.51428,-0.85686
0.43929,-0.28878,0.14233,0.059967,0.84083,0.53798,0.99812,-0.057351,-0.021621,0.012674,0.53826,-0.84268
