0.59394,-0.25507,0.057828,-0.97631,-0.21638,-0.0017605,-0.21637,0.97631,-0.0030222,0.0023727,-0.0025697,-0.99999
0.59687,-0.25442,0.057833,-0.97631,-0.21638,-0.0017605,-0.21637,0.97631,-0.0030222,0.0023727,-0.0025697,-0.99999
0.59979,-0.25377,0.057839,-0.97631,-0.21638,-0.0017605,-0.21637,0.97631,-0.0030222,0.0023727,-0.0025697,-0.99999
0.60272,-0.25312,0.057844,-0.97631,-0.21638,-0.0017605,-0.21637,0.97631,-0.0030222,0.0023727,-0.0025697,-0.99999
0.60565,-0.25247,0.057849,-0.97631,-0.21638,-0.0017605,-0.21637,0.97631,-0.0030222,0.0023727,-0.0025697,-0.99999
0.60858,-0.25182,0.057855,-0.97631,-0.21638,-0.0017605,-0.21637,0.97631,-0.0030222,0.0023727,-0.0025697,-0.99999
0.61151,-0.25117,0.05786,-0.97631,-0.21638,-0.0017605,-0.21637,0.97631,-0.0030222,0.0023727,-0.0025697,-0.99999
0.61444,-0.25052,0.057865,-0.97631,-0.21638,-0.0017605,-0.21637,0.97631,-0.0030222,0.0023727,-0.0025697,-0.99999
0.61737,-0.24987,0.05787,-0.97631,-0.21638,-0.0017605,-0.21637,0.97631,-0.0030222,0.0023727,-0.0025697,-0.99999
0.6203,-0.24923,0.057876,-0.97631,-0.21638,-0.0017605,-0.21637,0.97631,-0.0030222,0.0023727,-0.0025697,-0.99999
0.62323,-0.24858,0.057881,-0.97631,-0.21638,-0.0017605,-0.21637,0.97631,-0.0030222,0.0023727,-0.0025697,-0.99999
0.62615,-0.24793,0.057886,-0.97631,-0.21638,-0.0017605,-0.21637,0.97631,-0.0030222,0.0023727,-0.0025697,-0.99999
0.62908,-0.24728,0.057891,-0.97631,-0.21638,-0.0017605,-0.21637,0.97631,-0.0030222,0.0023727,-0.0025697,-0.99999
0.63201,-0.24663,0.057897,-0.97631,-0.21638,-0.0017605,-0.21637,0.97631,-0.0030222,0.0023727,-0.0025697,-0.99999
0.63494,-0.24598,0.057902,-0.97631,-0.21638,-0.0017605,-0.21637,0.97631,-0.0030222,0.0023727,-0.0025697,-0.99999
0.63787,-0.24533,0.057907,-0.97631,-0.21638,-0.0017605,-0.21637,0.97631,-0.0030222,0.0023727,-0.0025697,-0.99999
0.6408,-0.24468,0.057913,-0.97631,-0.21638,-0.0017605,-0.21637,0.97631,-0.0030222,0.0023727,-0.0025697,-0.99999
0.64373,-0.24403,0.057918,-0.97631,-0.21638,-0.0017605,-0.21637,0.97631,-0.0030222,0.0023727,-0.0025697,-0.99999
0.64666,-0.24338,0.057923,-0.97631,-0.21638,-0.0017605,-0.21637,0.97631,-0.0030222,0.0023727,-0.0025697,-0.99999
0.64959,-0.24273,0.057928,-0.97631,-0.21638,-0.0017605,-0.21637,0.97631,-0.0030222,0.0023727,-0.0025697,-0.99999
0.65251,-0.24208,0.057934,-0.97631,-0.21638,-0.0017605,-0.21637,0.97631,-0.0030222,0.0023727,-0.0025697,-0.99999
0.65544,-0.24144,0.057939,-0.97631,-0.21638,-0.0017605,-0.21637,0.97631,-0.0030222,0.0023727,-0.0025697,-0.99999
0.65837,-0.24079,0.057944,-0.97631,-0.21638,-0.0017605,-0.21637,0.97631,-0.0030222,0.0023727,-0.0025697,-0.99999
0.6613,-0.24014,0.05795,-0.97631,-0.21638,-0.0017605,-0.21637,0.97631,-0.0030222,0.0023727,-0.0025697,-0.99999
0.66423,-0.23949,0.057955,-0.97631,-0.21638,-0.0017605,-0.21637,0.97631,-0.0030222,0.0023727,-0.0025697,-0.99999
0.66716,-0.23884,0.05796,-0.97631,-0.21638,-0.0017605,-0.21637,0.97631,-0.0030222,0.0023727,-0.0025697,-0.99999
0.67009,-0.23819,0.057965,-0.97631,-0.21638,-0.0017605,-0.21637,0.97631,-0.0030222,0.0023727,-0.0025697,-0.99999
0.67302,-0.23754,0.057971,-0.97631,-0.21638,-0.0017605,-0.21637,0.97631,-0.0030222,0.0023727,-0.0025697,-0.99999
0.67595,-0.23689,0.057976,-0.97631,-0.21638,-0.0017605,-0.21637,0.97631,-0.0030222,0.0023727,-0.0025697,-0.99999
0.67888,-0.23624,0.057981,-0.97631,-0.21638,-0.0017605,-0.21637,0.97631,-0.0030222,0.0023727,-0.0025697,-0.99999
0.6818,-0.23559,0.057987,-0.97631,-0.21638,-0.0017605,-0.21637,0.97631,-0.0030222,0.0023727,-0.0025697,-0.99999
0.68473,-0.23494,0.057992,-0.97631,-0.21638,-0.0017605,-0.21637,0.97631,-0.0030222,0.0023727,-0.0025697,-0.99999
0.68766,-0.2343,0.057997,-0.97631,-0.21638,-0.0017605,-0.21637,0.97631,-0.0030222,0.0023727,-0.0025697,-0.99999
0.69059,-0.23365,0.058002,-0.97631,-0.21638,-0.0017605,-0.21637,0.97631,-0.0030222,0.0023727,-0.0025697,-0.99999
0.69352,-0.233,0.058008,-0.97631,-0.21638,-0.0017605,-0.21637,0.97631,-0.0030222,0.0023727,-0.0025697,-0.99999
0.69645,-0.23235,0.058013,-0.97631,-0.21638,-0.0017605,-0.21637,0.97631,-0.0030222,0.0023727,-0.0025697,-0.99999
0.69938,-0.2317,0.058018,-0.97631,-0.21638,-0.0017605,-0.21637,0.97631,-0.0030222,0.0023727,-0.0025697,-0.99999
0.70231,-0.23105,0.058024,-0.97631,-0.21638,-0.0017605,-0.21637,0.97631,-0.0030222,0.0023727,-0.0025697,-0.99999
0.70524,-0.2304,0.058029,-0.97631,-0.21638,-0.0017605,-0.21637,0.97631,-0.0030222,0.0023727,-0.0025697,-0.99999
0.70816,-0.22975,0.058034,-0.97631,-0.21638,-0.0017605,-0.21637,0.97631,-0.0030222,0.0023727,-0.0025697,-0.99999
0.71109,-0.2291,0.058039,-0.97631,-0.21638,-0.0017605,-0.21637,0.97631,-0.0030222,0.0023727,-0.0025697,-0.99999
0.71402,-0.22845,0.058045,-0.97631,-0.21638,-0.0017605,-0.21637,0.97631,-0.0030222,0.0023727,-0.0025697,-0.99999
0.71695,-0.2278,0.05805,-0.97631,-0.21638,-0.0017605,-0.21637,0.97631,-0.0030222,0.0023727,-0.0025697,-0.99999
0.71988,-0.22715,0.058055,-0.97631,-0.21638,-0.0017605,-0.21637,0.97631,-0.0030222,0.0023727,-0.0025697,-0.99999
0.72281,-0.22651,0.058061,-0.97631,-0.21638,-0.0017605,-0.21637,0.97631,-0.0030222,0.0023727,-0.0025697,-0.99999
0.72574,-0.22586,0.058066,-0.97631,-0.21638,-0.0017605,-0.21637,0.97631,-0.0030222,0.0023727,-0.0025697,-0.99999
0.72867,-0.22521,0.058071,-0.97631,-0.21638,-0.0017605,-0.21637,0.97631,-0.0030222,0.0023727,-0.0025697,-0.99999
0.7316,-0.22456,0.058076,-0.97631,-0.21638,-0.0017605,-0.21637,0.97631,-0.0030222,0.0023727,-0.0025697,-0.99999
0.73452,-0.22391,0.058082,-0.97631,-0.21638,-0.0017605,-0.21637,0.97631,-0.0030222,0.0023727,-0.0025697,-0.99999
0.73745,-0.22326,0.058087,-0.97631,-0.21638,-0.0017605,-0.21637,0.97631,-0.0030222,0.0023727,-0.0025697,-0.99999
0.74038,-0.22261,0.058092,-0.97631,-0.21638,-0.0017605,-0.21637,0.97631,-0.0030222,0.0023727,-0.0025697,-0.99999
0.74331,-0.22196,0.058097,-0.97631,-0.21638,-0.0017605,-0.21637,0.97631,-0.0030222,0.0023727,-0.0025697,-0.99999
0.74624,-0.22131,0.058103,-0.97631,-0.21638,-0.0017605,-0.21637,0.97631,-0.0030222,0.0023727,-0.0025697,-0.99999
0.74917,-0.22066,0.058108,-0.97631,-0.21638,-0.0017605,-0.21637,0.97631,-0.0030222,0.0023727,-0.0025697,-0.99999
0.64394,-0.25507,0.057947,-0.97631,-0.21638,-0.0017605,-0.21637,0.97631,-0.0030222,0.0023727,-0.0025697,-0.99999
0.64687,-0.25442,0.057952,-0.97631,-0.21638,-0.0017605,-0.21637,0.97631,-0.0030222,0.0023727,-0.0025697,-0.99999
0.64979,-0.25377,0.057957,-0.97631,-0.21638,-0.0017605,-0.21637,0.97631,-0.0030222,0.0023727,-0.0025697,-0.99999
0.65272,-0.25312,0.057963,-0.97631,-0.21638,-0.0017605,-0.21637,0.97631,-0.0030222,0.0023727,-0.0025697,-0.99999
0.65565,-0.25247,0.057968,-0.97631,-0.21638,-0.0017605,-0.21637,0.97631,-0.0030222,0.0023727,-0.0025697,-0.99999
0.65858,-0.25182,0.057973,-0.97631,-0.21638,-0.0017605,-0.21637,0.97631,-0.0030222,0.0023727,-0.0025697,-0.99999
0.66151,-0.25117,0.057978,-0.97631,-0.21638,-0.0017605,-0.21637,0.97631,-0.0030222,0.0023727,-0.0025697,-0.99999
0.66444,-0.25052,0.057984,-0.97631,-0.21638,-0.0017605,-0.21637,0.97631,-0.0030222,0.0023727,-0.0025697,-0.99999
0.66737,-0.24987,0.057989,-0.97631,-0.21638,-0.0017605,-0.21637,0.97631,-0.0030222,0.0023727,-0.0025697,-0.99999
0.6703,-0.24923,0.057994,-0.97631,-0.21638,-0.0017605,-0.21637,0.97631,-0.0030222,0.0023727,-0.0025697,-0.99999
0.67323,-0.24858,0.058,-0.97631,-0.21638,-0.0017605,-0.21637,0.97631,-0.0030222,0.0023727,-0.0025697,-0.99999
0.67615,-0.24793,0.058005,-0.97631,-0.21638,-0.0017605,-0.21637,0.97631,-0.0030222,0.0023727,-0.0025697,-0.99999
0.67908,-0.24728,0.05801,-0.97631,-0.21638,-0.0017605,-0.21637,0.97631,-0.0030222,0.0023727,-0.0025697,-0.99999
0.68201,-0.24663,0.058015,-0.97631,-0.21638,-0.0017605,-0.21637,0.97631,-0.0030222,0.0023727,-0.0025697,-0.99999
0.68494,-0.24598,0.058021,-0.97631,-0.21638,-0.0017605,-0.21637,0.97631,-0.0030222,0.0023727,-0.0025697,-0.99999
0.68787,-0.24533,0.058026,-0.97631,-0.21638,-0.0017605,-0.21637,0.97631,-0.0030222,0.0023727,-0.0025697,-0.99999
0.6908,-0.24468,0.058031,-0.97631,-0.21638,-0.0017605,-0.21637,0.97631,-0.0030222,0.0023727,-0.0025697,-0.99999
0.69373,-0.24403,0.058037,-0.97631,-0.21638,-0.0017605,-0.21637,0.97631,-0.0030222,0.0023727,-0.0025697,-0.99999
0.69666,-0.24338,0.058042,-0.97631,-0.21638,-0.0017605,-0.21637,0.97631,-0.0030222,0.0023727,-0.0025697,-0.99999
0.69959,-0.24273,0.058047,-0.97631,-0.21638,-0.0017605,-0.21637,0.97631,-0.0030222,0.0023727,-0.0025697,-0.99999
0.70251,-0.24208,0.058052,-0.97631,-0.21638,-0.0017605,-0.21637,0.97631,-0.0030222,0.0023727,-0.0025697,-0.99999
0.70544,-0.24144,0.058058,-0.97631,-0.21638,-0.0017605,-0.21637,0.97631,-0.0030222,0.0023727,-0.0025697,-0.99999
0.70837,-0.24079,0.058063,-0.97631,-0.21638,-0.0017605,-0.21637,0.97631,-0.0030222,0.0023727,-0.0025697,-0.99999
0.7113,-0.24014,0.058068,-0.97631,-0.21638,-0.0017605,-0.21637,0.97631,-0.0030222,0.0023727,-0.0025697,-0.99999
0.71423,-0.23949,0.058074,-0.97631,-0.21638,-0.0017605,-0.21637,0.97631,-0.0030222,0.0023727,-0.0025697,-0.99999
0.71716,-0.23884,0.058079,-0.97631,-0.21638,-0.0017605,-0.21637,0.97631,-0.0030222,0.0023727,-0.0025697,-0.99999
0.72009,-0.23819,0.058084,-0.97631,-0.21638,-0.0017605,-0.21637,0.97631,-0.0030222,0.0023727,-0.0025697,-0.99999
0.72302,-0.23754,0.058089,-0.97631,-0.21638,-0.0017605,-0.21637,0.97631,-0.0030222,0.0023727,-0.0025697,-0.99999
0.72595,-0.23689,0.058095,-0.97631,-0.21638,-0.0017605,-0.21637,0.97631,-0.0030222,0.0023727,-0.0025697,-0.99999
0.72888,-0.23624,0.0581,-0.97631,-0.21638,-0.0017605,-0.21637,0.97631,-0.0030222,0.0023727,-0.0025697,-0.99999
0.7318,-0.23559,0.058105,-0.97631,-0.21638,-0.0017605,-0.21637,0.97631,-0.0030222,0.0023727,-0.0025697,-0.99999
0.73473,-0.23494,0.05811,-0.97631,-0.21638,-0.0017605,-0.21637,0.97631,-0.0030222,0.0023727,-0.0025697,-0.99999
0.73766,-0.2343,0.058116,-0.97631,-0.21638,-0.0017605,-0.21637,0.97631,-0.0030222,0.0023727,-0.0025697,-0.99999
0.74059,-0.23365,0.058121,-0.97631,-0.21638,-0.0017605,-0.21637,0.97631,-0.0030222,0.0023727,-0.0025697,-0.99999
0.74352,-0.233,0.058126,-0.97631,-0.21638,-0.0017605,-0.21637,0.97631,-0.0030222,0.0023727,-0.0025697,-0.99999
0.74645,-0.23235,0.058132,-0.97631,-0.21638,-0.0017605,-0.21637,0.97631,-0.0030222,0.0023727,-0.0025697,-0.99999
0.74938,-0.2317,0.058137,-0.97631,-0.21638,-0.0017605,-0.21637,0.97631,-0.0030222,0.0023727,-0.0025697,-0.99999
0.75231,-0.23105,0.058142,-0.97631,-0.21638,-0.0017605,-0.21637,0.97631,-0.0030222,0.0023727,-0.0025697,-0.99999
0.75524,-0.2304,0.058147,-0.97631,-0.21638,-0.0017605,-0.21637,0.97631,-0.0030222,0.0023727,-0.0025697,-0.99999
0.75816,-0.22975,0.058153,-0.97631,-0.21638,-0.0017605,-0.21637,0.97631,-0.0030222,0.0023727,-0.0025697,-0.99999
0.76109,-0.2291,0.058158,-0.97631,-0.21638,-0.0017605,-0.21637,0.97631,-0.0030222,0.0023727,-0.0025697,-0.99999
0.76402,-0.22845,0.058163,-0.97631,-0.21638,-0.0017605,-0.21637,0.97631,-0.0030222,0.0023727,-0.0025697,-0.99999
0.76695,-0.2278,0.058169,-0.97631,-0.21638,-0.0017605,-0.21637,0.97631,-0.0030222,0.0023727,-0.0025697,-0.99999
0.76988,-0.22715,0.058174,-0.97631,-0.21638,-0.0017605,-0.21637,0.97631,-0.0030222,0.0023727,-0.0025697,-0.99999
0.77281,-0.22651,0.058179,-0.97631,-0.21638,-0.0017605,-0.21637,0.97631,-0.0030222,0.0023727,-0.0025697,-0.99999
0.77574,-0.22586,0.058184,-0.97631,-0.21638,-0.0017605,-0.21637,0.97631,-0.0030222,0.0023727,-0.0025697,-0.99999
0.77867,-0.22521,0.05819,-0.97631,-0.21638,-0.0017605,-0.21637,0.97631,-0.0030222,0.0023727,-0.0025697,-0.99999
0.7816,-0.22456,0.058195,-0.97631,-0.21638,-0.0017605,-0.21637,0.97631,-0.0030222,0.0023727,-0.0025697,-0.99999
0.78452,-0.22391,0.0582,-0.97631,-0.21638,-0.0017605,-0.21637,0.97631,-0.0030222,0.0023727,-0.0025697,-0.99999
0.78745,-0.22326,0.058206,-0.97631,-0.21638,-0.0017605,-0.21637,0.97631,-0.0030222,0.0023727,-0.0025697,-0.99999
0.79038,-0.22261,0.058211,-0.97631,-0.21638,-0.0017605,-0.21637,0.97631,-0.0030222,0.0023727,-0.0025697,-0.99999
0.79331,-0.22196,0.058216,-0.97631,-0.21638,-0.0017605,-0.21637,0.97631,-0.0030222,0.0023727,-0.0025697,-0.99999
0.79624,-0.22131,0.058221,-0.97631,-0.21638,-0.0017605,-0.21637,0.97631,-0.0030222,0.0023727,-0.0025697,-0.99999
0.79917,-0.22066,0.058227,-0.97631,-0.21638,-0.0017605,-0.21637,0.97631,-0.0030222,0.0023727,-0.0025697,-0.99999
0.69394,-0.25507,0.058065,-0.97631,-0.21638,-0.0017605,-0.21637,0.97631,-0.0030222,0.0023727,-0.0025697,-0.99999
0.69687,-0.25442,0.058071,-0.97631,-0.21638,-0.0017605,-0.21637,0.97631,-0.0030222,0.0023727,-0.0025697,-0.99999
0.69979,-0.25377,0.058076,-0.97631,-0.21638,-0.0017605,-0.21637,0.97631,-0.0030222,0.0023727,-0.0025697,-0.99999
0.70272,-0.25312,0.058081,-0.97631,-0.21638,-0.0017605,-0.21637,0.97631,-0.0030222,0.0023727,-0.0025697,-0.99999
0.70565,-0.25247,0.058087,-0.97631,-0.21638,-0.0017605,-0.21637,0.97631,-0.0030222,0.0023727,-0.0025697,-0.99999
0.70858,-0.25182,0.058092,-0.97631,-0.21638,-0.0017605,-0.21637,0.97631,-0.0030222,0.0023727,-0.0025697,-0.99999
0.71151,-0.25117,0.058097,-0.97631,-0.21638,-0.0017605,-0.21637,0.97631,-0.0030222,0.0023727,-0.0025697,-0.99999
0.71444,-0.25052,0.058102,-0.97631,-0.21638,-0.0017605,-0.21637,0.97631,-0.0030222,0.0023727,-0.0025697,-0.99999
0.71737,-0.24987,0.058108,-0.97631,-0.21638,-0.0017605,-0.21637,0.97631,-0.0030222,0.0023727,-0.0025697,-0.99999
0.7203,-0.24923,0.058113,-0.97631,-0.21638,-0.0017605,-0.21637,0.97631,-0.0030222,0.0023727,-0.0025697,-0.99999
0.72323,-0.24858,0.058118,-0.97631,-0.21638,-0.0017605,-0.21637,0.97631,-0.0030222,0.0023727,-0.0025697,-0.99999
0.72615,-0.24793,0.058123,-0.97631,-0.21638,-0.0017605,-0.21637,0.97631,-0.0030222,0.0023727,-0.0025697,-0.99999
0.72908,-0.24728,0.058129,-0.97631,-0.21638,-0.0017605,-0.21637,0.97631,-0.0030222,0.0023727,-0.0025697,-0.99999
0.73201,-0.24663,0.058134,-0.97631,-0.21638,-0.0017605,-0.21637,0.97631,-0.0030222,0.0023727,-0.0025697,-0.99999
0.73494,-0.24598,0.058139,-0.97631,-0.21638,-0.0017605,-0.21637,0.97631,-0.0030222,0.0023727,-0.0025697,-0.99999
0.73787,-0.24533,0.058145,-0.97631,-0.21638,-0.0017605,-0.21637,0.97631,-0.0030222,0.0023727,-0.0025697,-0.99999
0.7408,-0.24468,0.05815,-0.97631,-0.21638,-0.0017605,-0.21637,0.97631,-0.0030222,0.0023727,-0.0025697,-0.99999
0.74373,-0.24403,0.058155,-0.97631,-0.21638,-0.0017605,-0.21637,0.97631,-0.0030222,0.0023727,-0.0025697,-0.99999
0.74666,-0.24338,0.05816,-0.97631,-0.21638,-0.0017605,-0.21637,0.97631,-0.0030222,0.0023727,-0.0025697,-0.99999
0.74959,-0.24273,0.058166,-0.97631,-0.21638,-0.0017605,-0.21637,0.97631,-0.0030222,0.0023727,-0.0025697,-0.99999
0.75251,-0.24208,0.058171,-0.97631,-0.21638,-0.0017605,-0.21637,0.97631,-0.0030222,0.0023727,-0.0025697,-0.99999
0.75544,-0.24144,0.058176,-0.97631,-0.21638,-0.0017605,-0.21637,0.97631,-0.0030222,0.0023727,-0.0025697,-0.99999
0.75837,-0.24079,0.058182,-0.97631,-0.21638,-0.0017605,-0.21637,0.97631,-0.0030222,0.0023727,-0.0025697,-0.99999
0.7613,-0.24014,0.058187,-0.97631,-0.21638,-0.0017605,-0.21637,0.97631,-0.0030222,0.0023727,-0.0025697,-0.99999
0.76423,-0.23949,0.058192,-0.97631,-0.21638,-0.0017605,-0.21637,0.97631,-0.0030222,0.0023727,-0.0025697,-0.99999
0.76716,-0.23884,0.058197,-0.97631,-0.21638,-0.0017605,-0.21637,0.97631,-0.0030222,0.0023727,-0.0025697,-0.99999
0.77009,-0.23819,0.058203,-0.97631,-0.21638,-0.0017605,-0.21637,0.97631,-0.0030222,0.0023727,-0.0025697,-0.99999
0.77302,-0.23754,0.058208,-0.97631,-0.21638,-0.0017605,-0.21637,0.97631,-0.0030222,0.0023727,-0.0025697,-0.99999
0.77595,-0.23689,0.058213,-0.97631,-0.21638,-0.0017605,-0.21637,0.97631,-0.0030222,0.0023727,-0.0025697,-0.99999
0.77888,-0.23624,0.058219,-0.97631,-0.21638,-0.0017605,-0.21637,0.97631,-0.0030222,0.0023727,-0.0025697,-0.99999
0.7818,-0.23559,0.058224,-0.97631,-0.21638,-0.0017605,-0.21637,0.97631,-0.0030222,0.0023727,-0.0025697,-0.99999
0.78473,-0.23494,0.058229,-0.97631,-0.21638,-0.0017605,-0.21637,0.97631,-0.0030222,0.0023727,-0.0025697,-0.99999
0.78766,-0.2343,0.058234,-0.97631,-0.21638,-0.0017605,-0.21637,0.97631,-0.0030222,0.0023727,-0.0025697,-0.99999
0.79059,-0.23365,0.05824,-0.97631,-0.21638,-0.0017605,-0.21637,0.97631,-0.0030222,0.0023727,-0.0025697,-0.99999
0.79352,-0.233,0.058245,-0.97631,-0.21638,-0.0017605,-0.21637,0.97631,-0.0030222,0.0023727,-0.0025697,-0.99999
0.79645,-0.23235,0.05825,-0.97631,-0.21638,-0.0017605,-0.21637,0.97631,-0.0030222,0.0023727,-0.0025697,-0.99999
0.79938,-0.2317,0.058256,-0.97631,-0.21638,-0.0017605,-0.21637,0.97631,-0.0030222,0.0023727,-0.0025697,-0.99999
0.80231,-0.23105,0.058261,-0.97631,-0.21638,-0.0017605,-0.21637,0.97631,-0.0030222,0.0023727,-0.0025697,-0.99999
0.74394,-0.25507,0.058184,-0.97631,-0.21638,-0.0017605,-0.21637,0.97631,-0.0030222,0.0023727,-0.0025697,-0.99999
0.74687,-0.25442,0.058189,-0.97631,-0.21638,-0.0017605,-0.21637,0.97631,-0.0030222,0.0023727,-0.0025697,-0.99999
0.74979,-0.25377,0.058195,-0.97631,-0.21638,-0.0017605,-0.21637,0.97631,-0.0030222,0.0023727,-0.0025697,-0.99999
0.75272,-0.25312,0.0582,-0.97631,-0.21638,-0.0017605,-0.21637,0.97631,-0.0030222,0.0023727,-0.0025697,-0.99999
0.75565,-0.25247,0.058205,-0.97631,-0.21638,-0.0017605,-0.21637,0.97631,-0.0030222,0.0023727,-0.0025697,-0.99999
0.75858,-0.25182,0.05821,-0.97631,-0.21638,-0.0017605,-0.21637,0.97631,-0.0030222,0.0023727,-0.0025697,-0.99999
0.76151,-0.25117,0.058216,-0.97631,-0.21638,-0.0017605,-0.21637,0.97631,-0.0030222,0.0023727,-0.0025697,-0.99999
0.76444,-0.25052,0.058221,-0.97631,-0.21638,-0.0017605,-0.21637,0.97631,-0.0030222,0.0023727,-0.0025697,-0.99999
0.76737,-0.24987,0.058226,-0.97631,-0.21638,-0.0017605,-0.21637,0.97631,-0.0030222,0.0023727,-0.0025697,-0.99999
0.7703,-0.24923,0.058232,-0.97631,-0.21638,-0.0017605,-0.21637,0.97631,-0.0030222,0.0023727,-0.0025697,-0.99999
0.77323,-0.24858,0.058237,-0.97631,-0.21638,-0.0017605,-0.21637,0.97631,-0.0030222,0.0023727,-0.0025697,-0.99999
0.77615,-0.24793,0.058242,-0.97631,-0.21638,-0.0017605,-0.21637,0.97631,-0.0030222,0.0023727,-0.0025697,-0.99999
0.77908,-0.24728,0.058247,-0.97631,-0.21638,-0.0017605,-0.21637,0.97631,-0.0030222,0.0023727,-0.0025697,-0.99999
0.78201,-0.24663,0.058253,-0.97631,-0.21638,-0.0017605,-0.21637,0.97631,-0.0030222,0.0023727,-0.0025697,-0.99999
0.78494,-0.24598,0.058258,-0.97631,-0.21638,-0.0017605,-0.21637,0.97631,-0.0030222,0.0023727,-0.0025697,-0.99999
0.78787,-0.24533,0.058263,-0.97631,-0.21638,-0.0017605,-0.21637,0.97631,-0.0030222,0.0023727,-0.0025697,-0.99999
0.7908,-0.24468,0.058269,-0.97631,-0.21638,-0.0017605,-0.21637,0.97631,-0.0030222,0.0023727,-0.0025697,-0.99999
0.79373,-0.24403,0.058274,-0.97631,-0.21638,-0.0017605,-0.21637,0.97631,-0.0030222,0.0023727,-0.0025697,-0.99999
0.79666,-0.24338,0.058279,-0.97631,-0.21638,-0.0017605,-0.21637,0.97631,-0.0030222,0.0023727,-0.0025697,-0.99999
0.79959,-0.24273,0.058284,-0.97631,-0.21638,-0.0017605,-0.21637,0.97631,-0.0030222,0.0023727,-0.0025697,-0.99999
0.80251,-0.24208,0.05829,-0.97631,-0.21638,-0.0017605,-0.21637,0.97631,-0.0030222,0.0023727,-0.0025697,-0.99999
0.56532,0.046091,0.095093,0.10669,-0.93541,0.3371,-0.99429,-0.10111,0.034122,0.0021648,-0.33881,-0.94085
0.56499,0.049009,0.094086,0.10484,-0.92901,0.3549,-0.99449,-0.098703,0.035397,0.0021455,-0.35665,-0.93423
0.56466,0.051926,0.092916,0.10418,-0.91819,0.38219,-0.99456,-0.096997,0.038072,0.002114,-0.38408,-0.9233
0.56433,0.054844,0.091697,0.10213,-0.91839,0.38227,-0.99477,-0.095105,0.037285,0.002114,-0.38408,-0.9233
0.564,0.057762,0.090302,0.10139,-0.89752,0.42916,-0.99484,-0.092363,0.041875,0.0020546,-0.43119,-0.90226
0.56366,0.06068,0.088868,0.10113,-0.88207,0.46014,-0.99487,-0.090599,0.044981,0.0020114,-0.46233,-0.88671
0.56333,0.063597,0.087418,0.098975,-0.86785,0.48687,-0.99509,-0.087289,0.046697,0.0019717,-0.4891,-0.87223
0.563,0.066515,0.085814,0.094198,-0.85907,0.50312,-0.99555,-0.082272,0.045918,0.0019465,-0.50521,-0.86299
0.56267,0.069433,0.08386,0.092403,-0.82925,0.55119,-0.99572,-0.077991,0.04959,0.0018654,-0.55341,-0.8329
0.56234,0.072351,0.081798,0.091917,-0.79916,0.59404,-0.99577,-0.074838,0.053396,0.001785,-0.59644,-0.80266
0.56201,0.075269,0.07971,0.091917,-0.79916,0.59404,-0.99577,-0.074838,0.053396,0.001785,-0.59644,-0.80266
0.56168,0.078186,0.077622,0.091917,-0.79916,0.59404,-0.99577,-0.074838,0.053396,0.001785,-0.59644,-0.80266
0.56135,0.081104,0.075534,0.088908,-0.79939,0.5942,-0.99604,-0.072423,0.051601,0.001785,-0.59644,-0.80266
0.56101,0.084022,0.073236,0.080651,-0.74362,0.66372,-0.99674,-0.061264,0.05248,0.0016369,-0.66579,-0.74614
0.56068,0.08694,0.070351,0.081293,-0.7149,0.69448,-0.99669,-0.059402,0.05552,0.0015624,-0.6967,-0.71737
0.56035,0.089858,0.067526,0.08067,-0.71494,0.69452,-0.99674,-0.058955,0.055085,0.0015624,-0.6967,-0.71737
0.56002,0.092775,0.064655,0.080864,-0.68182,0.72704,-0.99672,-0.056396,0.05797,0.001477,-0.72934,-0.68415
0.55969,0.095693,0.061798,0.089657,-0.70137,0.70713,-0.99597,-0.064227,0.062575,0.0015288,-0.70989,-0.70431
0.55936,0.098611,0.059521,0.10117,-0.84044,0.53237,-0.99487,-0.086491,0.052529,0.0018975,-0.53495,-0.84488
0.55903,0.10153,0.058051,0.10871,-0.9171,0.38354,-0.99407,-0.10111,0.039984,0.0021122,-0.38561,-0.92266
0.5587,0.10445,0.057195,0.11251,-0.96804,0.22415,-0.99365,-0.11013,0.023159,0.0022669,-0.22534,-0.97428
0.55836,0.10736,0.056858,0.11278,-0.99189,0.058562,-0.99362,-0.11272,0.0042786,0.0023574,-0.058671,-0.99827
0.55803,0.11028,0.056804,0.1128,-0.99361,0.002821,-0.99361,-0.11281,-0.0020677,0.0023727,-0.0025697,-0.99999
0.5577,0.1132,0.056796,0.1128,-0.99361,0.002821,-0.99361,-0.11281,-0.0020677,0.0023727,-0.0025697,-0.99999
0.55737,0.11612,0.056788,0.1128,-0.99361,0.002821,-0.99361,-0.11281,-0.0020677,0.0023727,-0.0025697,-0.99999
0.55704,0.11904,0.056779,0.1128,-0.99361,0.002821,-0.99361,-0.11281,-0.0020677,0.0023727,-0.0025697,-0.99999
0.55671,0.12195,0.056771,0.1128,-0.99361,0.002821,-0.99361,-0.11281,-0.0020677,0.0023727,-0.0025697,-0.99999
0.55638,0.12487,0.056763,0.1128,-0.99361,0.002821,-0.99361,-0.11281,-0.0020677,0.0023727,-0.0025697,-0.99999
0.55605,0.12779,0.056754,0.1128,-0.99361,0.002821,-0.99361,-0.11281,-0.0020677,0.0023727,-0.0025697,-0.99999
0.55571,0.13071,0.056746,0.1128,-0.99361,0.002821,-0.99361,-0.11281,-0.0020677,0.0023727,-0.0025697,-0.99999
0.55538,0.13362,0.056738,0.1128,-0.99361,0.002821,-0.99361,-0.11281,-0.0020677,0.0023727,-0.0025697,-0.99999
0.55505,0.13654,0.05673,0.1128,-0.99361,0.002821,-0.99361,-0.11281,-0.0020677,0.0023727,-0.0025697,-0.99999
0.55472,0.13946,0.056721,0.1128,-0.99361,0.002821,-0.99361,-0.11281,-0.0020677,0.0023727,-0.0025697,-0.99999
0.55439,0.14238,0.056713,0.1128,-0.99361,0.002821,-0.99361,-0.11281,-0.0020677,0.0023727,-0.0025697,-0.99999
0.55406,0.1453,0.056705,0.1128,-0.99361,0.002821,-0.99361,-0.11281,-0.0020677,0.0023727,-0.0025697,-0.99999
0.55373,0.14821,0.056696,0.1128,-0.99361,0.002821,-0.99361,-0.11281,-0.0020677,0.0023727,-0.0025697,-0.99999
0.5534,0.15113,0.056688,0.1128,-0.99361,0.002821,-0.99361,-0.11281,-0.0020677,0.0023727,-0.0025697,-0.99999
0.55306,0.15405,0.05668,0.1128,-0.99361,0.002821,-0.99361,-0.11281,-0.0020677,0.0023727,-0.0025697,-0.99999
0.55273,0.15697,0.056672,0.1128,-0.99361,0.002821,-0.99361,-0.11281,-0.0020677,0.0023727,-0.0025697,-0.99999
0.5524,0.15988,0.056663,0.1128,-0.99361,0.002821,-0.99361,-0.11281,-0.0020677,0.0023727,-0.0025697,-0.99999
0.55207,0.1628,0.056655,0.1128,-0.99361,0.002821,-0.99361,-0.11281,-0.0020677,0.0023727,-0.0025697,-0.99999
0.55174,0.16572,0.056647,0.1128,-0.99361,0.002821,-0.99361,-0.11281,-0.0020677,0.0023727,-0.0025697,-0.99999
0.55141,0.16864,0.056638,0.1128,-0.99361,0.002821,-0.99361,-0.11281,-0.0020677,0.0023727,-0.0025697,-0.99999
0.55108,0.17156,0.05663,0.1128,-0.99361,0.002821,-0.99361,-0.11281,-0.0020677,0.0023727,-0.0025697,-0.99999
0.55075,0.17447,0.056622,0.1128,-0.99361,0.002821,-0.99361,-0.11281,-0.0020677,0.0023727,-0.0025697,-0.99999
0.55041,0.17739,0.056614,0.1128,-0.99361,0.002821,-0.99361,-0.11281,-0.0020677,0.0023727,-0.0025697,-0.99999
0.55008,0.18031,0.056605,0.1128,-0.99361,0.002821,-0.99361,-0.11281,-0.0020677,0.0023727,-0.0025697,-0.99999
0.54975,0.18323,0.056597,0.1128,-0.99361,0.002821,-0.99361,-0.11281,-0.0020677,0.0023727,-0.0025697,-0.99999
0.54942,0.18614,0.056589,0.1128,-0.99361,0.002821,-0.99361,-0.11281,-0.0020677,0.0023727,-0.0025697,-0.99999
0.54909,0.18906,0.05658,0.1128,-0.99361,0.002821,-0.99361,-0.11281,-0.0020677,0.0023727,-0.0025697,-0.99999
0.54876,0.19198,0.056572,0.1128,-0.99361,0.002821,-0.99361,-0.11281,-0.0020677,0.0023727,-0.0025697,-0.99999
0.54843,0.1949,0.056564,0.1128,-0.99361,0.002821,-0.99361,-0.11281,-0.0020677,0.0023727,-0.0025697,-0.99999
0.5481,0.19782,0.056556,0.1128,-0.99361,0.002821,-0.99361,-0.11281,-0.0020677,0.0023727,-0.0025697,-0.99999
0.54777,0.20073,0.056547,0.1128,-0.99361,0.002821,-0.99361,-0.11281,-0.0020677,0.0023727,-0.0025697,-0.99999
0.54743,0.20365,0.056539,0.1128,-0.99361,0.002821,-0.99361,-0.11281,-0.0020677,0.0023727,-0.0025697,-0.99999
0.5471,0.20657,0.056531,0.1128,-0.99361,0.002821,-0.99361,-0.11281,-0.0020677,0.0023727,-0.0025697,-0.99999
0.54677,0.20949,0.056522,0.1128,-0.99361,0.002821,-0.99361,-0.11281,-0.0020677,0.0023727,-0.0025697,-0.99999
0.54644,0.2124,0.056514,0.1128,-0.99361,0.002821,-0.99361,-0.11281,-0.0020677,0.0023727,-0.0025697,-0.99999
0.54611,0.21532,0.056506,0.1128,-0.99361,0.002821,-0.99361,-0.11281,-0.0020677,0.0023727,-0.0025697,-0.99999
0.54578,0.21824,0.056498,0.1128,-0.99361,0.002821,-0.99361,-0.11281,-0.0020677,0.0023727,-0.0025697,-0.99999
0.54545,0.22116,0.056489,0.1128,-0.99361,0.002821,-0.99361,-0.11281,-0.0020677,0.0023727,-0.0025697,-0.99999
0.54512,0.22408,0.056481,0.1128,-0.99361,0.002821,-0.99361,-0.11281,-0.0020677,0.0023727,-0.0025697,-0.99999
0.54478,0.22699,0.056473,0.1128,-0.99361,0.002821,-0.99361,-0.11281,-0.0020677,0.0023727,-0.0025697,-0.99999
0.54445,0.22991,0.056464,0.1128,-0.99361,0.002821,-0.99361,-0.11281,-0.0020677,0.0023727,-0.0025697,-0.99999
0.61532,0.046091,0.095173,0.10684,-0.94457,0.31044,-0.99427,-0.10219,0.031265,0.0021921,-0.312,-0.95008
0.61499,0.049009,0.094175,0.1053,-0.93555,0.33714,-0.99444,-0.099799,0.033651,0.0021648,-0.33881,-0.94085
0.61466,0.051926,0.09304,0.1036,-0.91825,0.38222,-0.99462,-0.096458,0.037848,0.002114,-0.38408,-0.9233
0.61433,0.054844,0.091771,0.1014,-0.89752,0.42916,-0.99484,-0.092371,0.041879,0.0020546,-0.43119,-0.90226
0.614,0.057762,0.090338,0.1014,-0.89752,0.42916,-0.99484,-0.092371,0.041879,0.0020546,-0.43119,-0.90226
0.61366,0.06068,0.088905,0.10139,-0.89752,0.42916,-0.99484,-0.092362,0.041875,0.0020546,-0.43119,-0.90226
0.61333,0.063597,0.087471,0.099847,-0.88219,0.4602,-0.995,-0.089461,0.044388,0.0020114,-0.46233,-0.88671
0.613,0.066515,0.085927,0.094382,-0.86824,0.48708,-0.99553,-0.083283,0.04445,0.0019717,-0.4891,-0.87223
0.61267,0.069433,0.083975,0.092471,-0.82924,0.55119,-0.99571,-0.078048,0.049628,0.0018654,-0.55341,-0.8329
0.61234,0.072351,0.081917,0.092387,-0.82925,0.55119,-0.99572,-0.077978,0.049581,0.0018654,-0.55341,-0.8329
0.61201,0.075269,0.079854,0.091917,-0.79916,0.59404,-0.99577,-0.074838,0.053396,0.001785,-0.59644,-0.80266
0.61168,0.078186,0.077766,0.091917,-0.79916,0.59404,-0.99577,-0.074838,0.053396,0.001785,-0.59644,-0.80266
0.61135,0.081104,0.075678,0.087644,-0.79948,0.59427,-0.99615,-0.071409,0.050847,0.001785,-0.59644,-0.80266
0.61101,0.084022,0.073287,0.081053,-0.7436,0.6637,-0.99671,-0.061563,0.052747,0.0016369,-0.66579,-0.74614
0.61068,0.08694,0.070433,0.081293,-0.7149,0.69448,-0.99669,-0.059402,0.05552,0.0015624,-0.6967,-0.71737
0.61035,0.089858,0.067608,0.081024,-0.71492,0.6945,-0.99671,-0.059209,0.055332,0.0015624,-0.6967,-0.71737
0.61002,0.092775,0.064764,0.080869,-0.68182,0.72704,-0.99672,-0.0564,0.057975,0.001477,-0.72934,-0.68415
0.60969,0.095693,0.061907,0.089286,-0.74008,0.66657,-0.996,-0.067438,0.058538,0.0016291,-0.66913,-0.74314
0.60936,0.098611,0.059633,0.10121,-0.84044,0.53237,-0.99486,-0.086521,0.052548,0.0018975,-0.53495,-0.84488
0.60903,0.10153,0.058166,0.10874,-0.9171,0.38354,-0.99407,-0.10114,0.039993,0.0021122,-0.38561,-0.92266
0.6087,0.10445,0.057311,0.11253,-0.96804,0.22415,-0.99365,-0.11014,0.023162,0.0022669,-0.22534,-0.97428
0.60836,0.10736,0.056976,0.11278,-0.99189,0.058562,-0.99362,-0.11272,0.0042787,0.0023574,-0.058671,-0.99827
0.60803,0.11028,0.056923,0.1128,-0.99361,0.002821,-0.99361,-0.11281,-0.0020677,0.0023727,-0.0025697,-0.99999
0.6077,0.1132,0.056914,0.1128,-0.99361,0.002821,-0.99361,-0.11281,-0.0020677,0.0023727,-0.0025697,-0.99999
0.60737,0.11612,0.056906,0.1128,-0.99361,0.002821,-0.99361,-0.11281,-0.0020677,0.0023727,-0.0025697,-0.99999
0.60704,0.11904,0.056898,0.1128,-0.99361,0.002821,-0.99361,-0.11281,-0.0020677,0.0023727,-0.0025697,-0.99999
0.60671,0.12195,0.05689,0.1128,-0.99361,0.002821,-0.99361,-0.11281,-0.0020677,0.0023727,-0.0025697,-0.99999
0.60638,0.12487,0.056881,0.1128,-0.99361,0.002821,-0.99361,-0.11281,-0.0020677,0.0023727,-0.0025697,-0.99999
0.60605,0.12779,0.056873,0.1128,-0.99361,0.002821,-0.99361,-0.11281,-0.0020677,0.0023727,-0.0025697,-0.99999
0.60571,0.13071,0.056865,0.1128,-0.99361,0.002821,-0.99361,-0.11281,-0.0020677,0.0023727,-0.0025697,-0.99999
0.60538,0.13362,0.056856,0.1128,-0.99361,0.002821,-0.99361,-0.11281,-0.0020677,0.0023727,-0.0025697,-0.99999
0.60505,0.13654,0.056848,0.1128,-0.99361,0.002821,-0.99361,-0.11281,-0.0020677,0.0023727,-0.0025697,-0.99999
0.60472,0.13946,0.05684,0.1128,-0.99361,0.002821,-0.99361,-0.11281,-0.0020677,0.0023727,-0.0025697,-0.99999
0.60439,0.14238,0.056832,0.1128,-0.99361,0.002821,-0.99361,-0.11281,-0.0020677,0.0023727,-0.0025697,-0.99999
0.60406,0.1453,0.056823,0.1128,-0.99361,0.002821,-0.99361,-0.11281,-0.0020677,0.0023727,-0.0025697,-0.99999
0.60373,0.14821,0.056815,0.1128,-0.99361,0.002821,-0.99361,-0.11281,-0.0020677,0.0023727,-0.0025697,-0.99999
0.6034,0.15113,0.056807,0.1128,-0.99361,0.002821,-0.99361,-0.11281,-0.0020677,0.0023727,-0.0025697,-0.99999
0.60306,0.15405,0.056798,0.1128,-0.99361,0.002821,-0.99361,-0.11281,-0.0020677,0.0023727,-0.0025697,-0.99999
0.60273,0.15697,0.05679,0.1128,-0.99361,0.002821,-0.99361,-0.11281,-0.0020677,0.0023727,-0.0025697,-0.99999
0.6024,0.15988,0.056782,0.1128,-0.99361,0.002821,-0.99361,-0.11281,-0.0020677,0.0023727,-0.0025697,-0.99999
0.60207,0.1628,0.056774,0.1128,-0.99361,0.002821,-0.99361,-0.11281,-0.0020677,0.0023727,-0.0025697,-0.99999
0.60174,0.16572,0.056765,0.1128,-0.99361,0.002821,-0.99361,-0.11281,-0.0020677,0.0023727,-0.0025697,-0.99999
0.60141,0.16864,0.056757,0.1128,-0.99361,0.002821,-0.99361,-0.11281,-0.0020677,0.0023727,-0.0025697,-0.99999
0.60108,0.17156,0.056749,0.1128,-0.99361,0.002821,-0.99361,-0.11281,-0.0020677,0.0023727,-0.0025697,-0.99999
0.60075,0.17447,0.05674,0.1128,-0.99361,0.002821,-0.99361,-0.11281,-0.0020677,0.0023727,-0.0025697,-0.99999
0.60041,0.17739,0.056732,0.1128,-0.99361,0.002821,-0.99361,-0.11281,-0.0020677,0.0023727,-0.0025697,-0.99999
0.60008,0.18031,0.056724,0.1128,-0.99361,0.002821,-0.99361,-0.11281,-0.0020677,0.0023727,-0.0025697,-0.99999
0.59975,0.18323,0.056716,0.1128,-0.99361,0.002821,-0.99361,-0.11281,-0.0020677,0.0023727,-0.0025697,-0.99999
0.59942,0.18614,0.056707,0.1128,-0.99361,0.002821,-0.99361,-0.11281,-0.0020677,0.0023727,-0.0025697,-0.99999
0.59909,0.18906,0.056699,0.1128,-0.99361,0.002821,-0.99361,-0.11281,-0.0020677,0.0023727,-0.0025697,-0.99999
0.59876,0.19198,0.056691,0.1128,-0.99361,0.002821,-0.99361,-0.11281,-0.0020677,0.0023727,-0.0025697,-0.99999
0.59843,0.1949,0.056682,0.1128,-0.99361,0.002821,-0.99361,-0.11281,-0.0020677,0.0023727,-0.0025697,-0.99999
0.5981,0.19782,0.056674,0.1128,-0.99361,0.002821,-0.99361,-0.11281,-0.0020677,0.0023727,-0.0025697,-0.99999
0.59777,0.20073,0.056666,0.1128,-0.99361,0.002821,-0.99361,-0.11281,-0.0020677,0.0023727,-0.0025697,-0.99999
0.59743,0.20365,0.056658,0.1128,-0.99361,0.002821,-0.99361,-0.11281,-0.0020677,0.0023727,-0.0025697,-0.99999
0.5971,0.20657,0.056649,0.1128,-0.99361,0.002821,-0.99361,-0.11281,-0.0020677,0.0023727,-0.0025697,-0.99999
0.59677,0.20949,0.056641,0.1128,-0.99361,0.002821,-0.99361,-0.11281,-0.0020677,0.0023727,-0.0025697,-0.99999
0.59644,0.2124,0.056633,0.1128,-0.99361,0.002821,-0.99361,-0.11281,-0.0020677,0.0023727,-0.0025697,-0.99999
0.59611,0.21532,0.056624,0.1128,-0.99361,0.002821,-0.99361,-0.11281,-0.0020677,0.0023727,-0.0025697,-0.99999
0.59578,0.21824,0.056616,0.1128,-0.99361,0.002821,-0.99361,-0.11281,-0.0020677,0.0023727,-0.0025697,-0.99999
0.59545,0.22116,0.056608,0.1128,-0.99361,0.002821,-0.99361,-0.11281,-0.0020677,0.0023727,-0.0025697,-0.99999
0.59512,0.22408,0.0566,0.1128,-0.99361,0.002821,-0.99361,-0.11281,-0.0020677,0.0023727,-0.0025697,-0.99999
0.59478,0.22699,0.056591,0.1128,-0.99361,0.002821,-0.99361,-0.11281,-0.0020677,0.0023727,-0.0025697,-0.99999
0.59445,0.22991,0.056583,0.1128,-0.99361,0.002821,-0.99361,-0.11281,-0.0020677,0.0023727,-0.0025697,-0.99999
0.66532,0.046091,0.095175,0.10776,-0.95203,0.2864,-0.99417,-0.10384,0.028911,0.0022149,-0.28785,-0.95767
0.66499,0.049009,0.094264,0.10568,-0.93551,0.33713,-0.9944,-0.10016,0.03378,0.0021648,-0.33881,-0.94085
0.66466,0.051926,0.093164,0.10258,-0.91835,0.38225,-0.99472,-0.095518,0.037457,0.002114,-0.38408,-0.9233
0.66433,0.054844,0.091808,0.1014,-0.89752,0.42916,-0.99484,-0.092371,0.041879,0.0020546,-0.43119,-0.90226
0.664,0.057762,0.090375,0.1014,-0.89752,0.42916,-0.99484,-0.092371,0.041879,0.0020546,-0.43119,-0.90226
0.66366,0.06068,0.088942,0.1014,-0.89752,0.42916,-0.99484,-0.092371,0.041879,0.0020546,-0.43119,-0.90226
0.66333,0.063597,0.087508,0.1007,-0.87382,0.47571,-0.99491,-0.089402,0.046395,0.0019885,-0.47796,-0.87838
0.663,0.066515,0.086028,0.094552,-0.86823,0.48707,-0.99552,-0.083431,0.044533,0.0019717,-0.4891,-0.87223
0.66267,0.069433,0.084089,0.092471,-0.82924,0.55119,-0.99571,-0.078048,0.049628,0.0018654,-0.55341,-0.8329
0.66234,0.072351,0.082032,0.092471,-0.82924,0.55119,-0.99571,-0.078048,0.049628,0.0018654,-0.55341,-0.8329
0.66201,0.075269,0.079975,0.092371,-0.82925,0.55119,-0.99572,-0.077964,0.049572,0.0018654,-0.55341,-0.8329
0.66168,0.078186,0.07791,0.091917,-0.79916,0.59404,-0.99577,-0.074838,0.053396,0.001785,-0.59644,-0.80266
0.66135,0.081104,0.075822,0.086446,-0.79956,0.59433,-0.99625,-0.070448,0.050133,0.001785,-0.59644,-0.80266
0.66101,0.084022,0.07334,0.081293,-0.7149,0.69448,-0.99669,-0.059402,0.05552,0.0015624,-0.6967,-0.71737
0.66068,0.08694,0.070515,0.081293,-0.7149,0.69448,-0.99669,-0.059402,0.05552,0.0015624,-0.6967,-0.71737
0.66035,0.089858,0.067691,0.081293,-0.7149,0.69448,-0.99669,-0.059402,0.05552,0.0015624,-0.6967,-0.71737
0.66002,0.092775,0.064866,0.080958,-0.71492,0.6945,-0.99672,-0.059161,0.055286,0.0015624,-0.6967,-0.71737
0.65969,0.095693,0.062016,0.08933,-0.74008,0.66656,-0.996,-0.067471,0.058568,0.0016291,-0.66913,-0.74314
0.65936,0.098611,0.059745,0.10125,-0.84044,0.53237,-0.99486,-0.086551,0.052567,0.0018975,-0.53495,-0.84488
0.65903,0.10153,0.05828,0.10876,-0.9171,0.38354,-0.99407,-0.10116,0.040003,0.0021122,-0.38561,-0.92266
0.6587,0.10445,0.057427,0.11254,-0.96803,0.22415,-0.99364,-0.11016,0.023165,0.0022669,-0.22534,-0.97428
0.65836,0.10736,0.057093,0.11278,-0.99189,0.058562,-0.99362,-0.11272,0.0042787,0.0023574,-0.058671,-0.99827
0.65803,0.11028,0.057041,0.1128,-0.99361,0.002821,-0.99361,-0.11281,-0.0020677,0.0023727,-0.0025697,-0.99999
0.6577,0.1132,0.057033,0.1128,-0.99361,0.002821,-0.99361,-0.11281,-0.0020677,0.0023727,-0.0025697,-0.99999
0.65737,0.11612,0.057025,0.1128,-0.99361,0.002821,-0.99361,-0.11281,-0.0020677,0.0023727,-0.0025697,-0.99999
0.65704,0.11904,0.057017,0.1128,-0.99361,0.002821,-0.99361,-0.11281,-0.0020677,0.0023727,-0.0025697,-0.99999
0.65671,0.12195,0.057008,0.1128,-0.99361,0.002821,-0.99361,-0.11281,-0.0020677,0.0023727,-0.0025697,-0.99999
0.65638,0.12487,0.057,0.1128,-0.99361,0.002821,-0.99361,-0.11281,-0.0020677,0.0023727,-0.0025697,-0.99999
0.65605,0.12779,0.056992,0.1128,-0.99361,0.002821,-0.99361,-0.11281,-0.0020677,0.0023727,-0.0025697,-0.99999
0.65571,0.13071,0.056983,0.1128,-0.99361,0.002821,-0.99361,-0.11281,-0.0020677,0.0023727,-0.0025697,-0.99999
0.65538,0.13362,0.056975,0.1128,-0.99361,0.002821,-0.99361,-0.11281,-0.0020677,0.0023727,-0.0025697,-0.99999
0.65505,0.13654,0.056967,0.1128,-0.99361,0.002821,-0.99361,-0.11281,-0.0020677,0.0023727,-0.0025697,-0.99999
0.65472,0.13946,0.056959,0.1128,-0.99361,0.002821,-0.99361,-0.11281,-0.0020677,0.0023727,-0.0025697,-0.99999
0.65439,0.14238,0.05695,0.1128,-0.99361,0.002821,-0.99361,-0.11281,-0.0020677,0.0023727,-0.0025697,-0.99999
0.65406,0.1453,0.056942,0.1128,-0.99361,0.002821,-0.99361,-0.11281,-0.0020677,0.0023727,-0.0025697,-0.99999
0.65373,0.14821,0.056934,0.1128,-0.99361,0.002821,-0.99361,-0.11281,-0.0020677,0.0023727,-0.0025697,-0.99999
0.6534,0.15113,0.056925,0.1128,-0.99361,0.002821,-0.99361,-0.11281,-0.0020677,0.0023727,-0.0025697,-0.99999
0.65306,0.15405,0.056917,0.1128,-0.99361,0.002821,-0.99361,-0.11281,-0.0020677,0.0023727,-0.0025697,-0.99999
0.65273,0.15697,0.056909,0.1128,-0.99361,0.002821,-0.99361,-0.11281,-0.0020677,0.0023727,-0.0025697,-0.99999
0.6524,0.15988,0.056901,0.1128,-0.99361,0.002821,-0.99361,-0.11281,-0.0020677,0.0023727,-0.0025697,-0.99999
0.65207,0.1628,0.056892,0.1128,-0.99361,0.002821,-0.99361,-0.11281,-0.0020677,0.0023727,-0.0025697,-0.99999
0.65174,0.16572,0.056884,0.1128,-0.99361,0.002821,-0.99361,-0.11281,-0.0020677,0.0023727,-0.0025697,-0.99999
0.65141,0.16864,0.056876,0.1128,-0.99361,0.002821,-0.99361,-0.11281,-0.0020677,0.0023727,-0.0025697,-0.99999
0.65108,0.17156,0.056867,0.1128,-0.99361,0.002821,-0.99361,-0.11281,-0.0020677,0.0023727,-0.0025697,-0.99999
0.65075,0.17447,0.056859,0.1128,-0.99361,0.002821,-0.99361,-0.11281,-0.0020677,0.0023727,-0.0025697,-0.99999
0.65041,0.17739,0.056851,0.1128,-0.99361,0.002821,-0.99361,-0.11281,-0.0020677,0.0023727,-0.0025697,-0.99999
0.65008,0.18031,0.056843,0.1128,-0.99361,0.002821,-0.99361,-0.11281,-0.0020677,0.0023727,-0.0025697,-0.99999
0.64975,0.18323,0.056834,0.1128,-0.99361,0.002821,-0.99361,-0.11281,-0.0020677,0.0023727,-0.0025697,-0.99999
0.64942,0.18614,0.056826,0.1128,-0.99361,0.002821,-0.99361,-0.11281,-0.0020677,0.0023727,-0.0025697,-0.99999
0.64909,0.18906,0.056818,0.1128,-0.99361,0.002821,-0.99361,-0.11281,-0.0020677,0.0023727,-0.0025697,-0.99999
0.64876,0.19198,0.056809,0.1128,-0.99361,0.002821,-0.99361,-0.11281,-0.0020677,0.0023727,-0.0025697,-0.99999
0.64843,0.1949,0.056801,0.1128,-0.99361,0.002821,-0.99361,-0.11281,-0.0020677,0.0023727,-0.0025697,-0.99999
0.6481,0.19782,0.056793,0.1128,-0.99361,0.002821,-0.99361,-0.11281,-0.0020677,0.0023727,-0.0025697,-0.99999
0.64777,0.20073,0.056785,0.1128,-0.99361,0.002821,-0.99361,-0.11281,-0.0020677,0.0023727,-0.0025697,-0.99999
0.64743,0.20365,0.056776,0.1128,-0.99361,0.002821,-0.99361,-0.11281,-0.0020677,0.0023727,-0.0025697,-0.99999
0.6471,0.20657,0.056768,0.1128,-0.99361,0.002821,-0.99361,-0.11281,-0.0020677,0.0023727,-0.0025697,-0.99999
0.64677,0.20949,0.05676,0.1128,-0.99361,0.002821,-0.99361,-0.11281,-0.0020677,0.0023727,-0.0025697,-0.99999
0.64644,0.2124,0.056751,0.1128,-0.99361,0.002821,-0.99361,-0.11281,-0.0020677,0.0023727,-0.0025697,-0.99999
0.64611,0.21532,0.056743,0.1128,-0.99361,0.002821,-0.99361,-0.11281,-0.0020677,0.0023727,-0.0025697,-0.99999
0.64578,0.21824,0.056735,0.1128,-0.99361,0.002821,-0.99361,-0.11281,-0.0020677,0.0023727,-0.0025697,-0.99999
0.64545,0.22116,0.056727,0.1128,-0.99361,0.002821,-0.99361,-0.11281,-0.0020677,0.0023727,-0.0025697,-0.99999
0.64512,0.22408,0.056718,0.1128,-0.99361,0.002821,-0.99361,-0.11281,-0.0020677,0.0023727,-0.0025697,-0.99999
0.64478,0.22699,0.05671,0.1128,-0.99361,0.002821,-0.99361,-0.11281,-0.0020677,0.0023727,-0.0025697,-0.99999
0.64445,0.22991,0.056702,0.1128,-0.99361,0.002821,-0.99361,-0.11281,-0.0020677,0.0023727,-0.0025697,-0.99999
0.71532,0.046091,0.095163,0.10812,-0.95747,0.26751,-0.99414,-0.10473,0.02693,0.0022318,-0.26885,-0.96318
0.71499,0.049009,0.094283,0.10689,-0.95212,0.28643,-0.99427,-0.103,0.02866,0.0022149,-0.28785,-0.95767
0.71466,0.051926,0.093277,0.1014,-0.89752,0.42916,-0.99484,-0.092371,0.041879,0.0020546,-0.43119,-0.90226
0.71433,0.054844,0.091844,0.1014,-0.89752,0.42916,-0.99484,-0.092371,0.041879,0.0020546,-0.43119,-0.90226
0.714,0.057762,0.090411,0.1014,-0.89752,0.42916,-0.99484,-0.092371,0.041879,0.0020546,-0.43119,-0.90226
