408.11,307.2,154.52,0.95496,0.25218,-0.1564,0.27617,-0.94811,0.15752,-0.10202,-0.19189,-0.9761
403.36,305.95,155.3,0.95664,0.25262,-0.145,0.27441,-0.94858,0.1578,-0.10202,-0.19189,-0.9761
398.61,304.69,156.02,0.96309,0.25432,-0.088212,0.26489,-0.95369,0.14248,-0.05498,-0.16245,-0.98518
393.85,303.43,156.46,0.96309,0.25432,-0.088212,0.26489,-0.95369,0.14248,-0.05498,-0.16245,-0.98518
389.1,302.18,156.89,0.96309,0.25432,-0.088212,0.26489,-0.95369,0.14248,-0.05498,-0.16245,-0.98518
384.34,300.92,157.33,0.96676,0.25529,-0.014008,0.25363,-0.95066,0.17864,-0.032232,-0.19288,-0.98069
379.59,299.67,157.4,0.96686,0.25532,1.4826e-05,0.25386,-0.96134,0.10673,0.033164,-0.10163,-0.99427
374.84,298.41,157.4,0.96686,0.25532,1.4826e-05,0.25386,-0.96134,0.10673,0.033164,-0.10163,-0.99427
370.08,297.16,157.4,0.9662,0.25514,0.036742,0.25006,-0.96233,0.10671,0.033164,-0.10163,-0.99427
365.33,295.9,157.22,0.9651,0.25485,0.060348,0.24924,-0.9645,0.087249,0.074637,-0.070693,-0.9947
360.57,294.65,156.92,0.96509,0.25485,0.060358,0.24924,-0.9645,0.087249,0.074637,-0.070693,-0.9947
355.82,293.39,156.62,0.9638,0.25451,0.079402,0.24403,-0.96209,0.12178,0.094783,-0.10131,-0.99033
351.06,292.14,156.23,0.96012,0.25354,0.11781,0.24234,-0.96487,0.10151,0.13409,-0.070318,-0.98847
346.31,290.88,155.65,0.95911,0.25327,0.12637,0.24149,-0.96509,0.10141,0.13409,-0.070318,-0.98847
341.56,289.62,155.02,0.95662,0.25261,0.14513,0.2491,-0.96756,0.042221,0.13409,-0.0087203,-0.99093
336.8,288.37,154.3,0.94832,0.25042,0.19486,0.24417,-0.96812,0.055866,0.19046,-0.0086124,-0.98166
332.05,287.11,153.32,0.94832,0.25042,0.19486,0.24417,-0.96812,0.055866,0.19046,-0.0086124,-0.98166
327.29,285.86,152.34,0.94832,0.25042,0.19486,0.24914,-0.96796,0.031473,0.20848,0.021868,-0.97778
322.54,284.6,151.37,0.93958,0.24811,0.23585,0.24787,-0.96829,0.031194,0.20848,0.021868,-0.97778
317.79,283.35,150.17,0.93842,0.24781,0.24073,0.23856,-0.96879,0.067333,0.2394,-0.0085292,-0.97088
313.03,282.09,148.95,0.93842,0.24781,0.24073,0.24495,-0.96862,0.04223,0.25232,0.021631,-0.9674
308.28,280.84,147.73,0.92793,0.24504,0.28088,0.24325,-0.96906,0.041778,0.25232,0.021631,-0.9674
303.52,279.58,146.3,0.92324,0.2438,0.29697,0.25784,-0.96615,-0.0084307,0.27255,0.081102,-0.95872
298.77,278.33,144.77,0.92324,0.2438,0.29697,0.25784,-0.96615,-0.0084307,0.27255,0.081102,-0.95872
294.02,277.07,143.24,0.92324,0.2438,0.29697,0.25784,-0.96615,-0.0084307,0.27255,0.081102,-0.95872
289.26,275.82,141.71,0.92324,0.2438,0.29696,0.26532,-0.96357,-0.033805,0.27988,0.11052,-0.95365
284.51,274.56,140.18,0.92324,0.2438,0.29696,0.26532,-0.96357,-0.033805,0.27988,0.11052,-0.95365
279.75,273.3,138.65,0.92166,0.24338,0.30219,0.2655,-0.96352,-0.033747,0.27988,0.11052,-0.95365
275,272.05,137.09,0.91627,0.24196,0.31923,0.28298,-0.95505,-0.088351,0.27599,0.1693,-0.94613
270.25,270.79,135.43,0.91627,0.24196,0.31923,0.28298,-0.95505,-0.088351,0.27599,0.1693,-0.94613
265.49,269.54,133.78,0.92015,0.24298,0.30704,0.28188,-0.95534,-0.088724,0.27599,0.1693,-0.94613
260.74,268.28,132.19,0.92373,0.24393,0.29535,0.28934,-0.94959,-0.12066,0.26004,0.19929,-0.94481
255.98,267.03,130.67,0.92373,0.24393,0.29535,0.28934,-0.94959,-0.12066,0.26004,0.19929,-0.94481
251.23,265.77,129.15,0.91959,0.24284,0.30885,0.29098,-0.94916,-0.12011,0.26004,0.19929,-0.94481
246.48,264.52,127.56,0.92461,0.24416,0.29238,0.31116,-0.92687,-0.20999,0.22923,0.28764,-0.9299
241.72,263.26,126.05,0.92461,0.24416,0.29238,0.30555,-0.93373,-0.1865,0.21914,0.25957,-0.94053
236.97,262.01,124.55,0.92686,0.24476,0.28465,0.30409,-0.93412,-0.18695,0.21914,0.25957,-0.94053
232.21,260.75,123.09,0.92999,0.24558,0.27353,0.30909,-0.92518,-0.22023,0.19966,0.28953,-0.93611
227.46,259.5,121.69,0.92428,0.24407,0.29348,0.32599,-0.90472,-0.27424,0.19029,0.34694,-0.91838
222.71,258.24,120.18,0.92523,0.24432,0.29027,0.3251,-0.90496,-0.27451,0.19029,0.34694,-0.91838
217.95,256.98,118.69,0.93167,0.24603,0.26731,0.32455,-0.89429,-0.30808,0.17221,0.37614,-0.91042
213.2,255.73,117.33,0.93084,0.24581,0.27038,0.3255,-0.89404,-0.3078,0.17221,0.37614,-0.91042
208.44,254.47,115.94,0.92269,0.24365,0.2988,0.34516,-0.86734,-0.35859,0.16353,0.43181,-0.88702
203.69,253.22,114.41,0.92945,0.24544,0.27546,0.33668,-0.86957,-0.36124,0.16353,0.43181,-0.88702
198.93,251.96,113,0.92983,0.24554,0.2741,0.34113,-0.8545,-0.39173,0.14683,0.46005,-0.87567
194.18,250.71,111.59,0.92764,0.24496,0.28192,0.3442,-0.8537,-0.39079,0.14683,0.46005,-0.87567
189.43,249.45,110.15,0.92733,0.24488,0.283,0.35272,-0.82464,-0.44221,0.13881,0.51347,-0.84681
184.67,248.2,108.7,0.92975,0.24552,0.27437,0.34978,-0.82168,-0.45001,0.1169,0.51487,-0.84926
179.92,246.94,107.3,0.92975,0.24552,0.27438,0.34978,-0.82168,-0.45,0.1169,0.51487,-0.84926
175.16,245.69,105.89,0.92365,0.24391,0.29559,0.36365,-0.80122,-0.47519,0.10291,0.54154,-0.83435
170.41,244.43,104.37,0.91857,0.24257,0.31206,0.37804,-0.76965,-0.51452,0.1168,0.59097,-0.79819
165.66,243.17,102.76,0.91857,0.24257,0.31207,0.38173,-0.74922,-0.54126,0.10275,0.61637,-0.78072
160.9,241.92,101.14,0.91922,0.24274,0.31004,0.38061,-0.74951,-0.54164,0.10275,0.61637,-0.78072
156.15,240.66,99.538,0.91671,0.24207,0.31787,0.3927,-0.69256,-0.6051,0.075662,0.68006,-0.72924
151.39,239.41,97.89,0.91671,0.24207,0.31787,0.3927,-0.69256,-0.6051,0.075662,0.68006,-0.72924
146.64,238.15,96.241,0.92047,0.24307,0.30603,0.3854,-0.69445,-0.60762,0.075662,0.68006,-0.72924
141.89,236.9,94.66,0.93495,0.24689,0.25477,0.35344,-0.71047,-0.60853,0.067902,0.66829,-0.7408
137.13,235.64,93.365,0.94674,0.25001,0.20291,0.32035,-0.79472,-0.51555,0.050508,0.55778,-0.82845
132.38,234.39,92.346,0.95629,0.25253,0.14747,0.29152,-0.863,-0.41262,0.0376,0.44136,-0.89654
127.62,233.13,91.613,0.96221,0.25409,0.097958,0.27223,-0.88842,-0.36959,0.026663,0.39091,-0.92004
122.87,231.88,91.129,0.96421,0.25462,0.073929,0.26509,-0.93108,-0.25065,0.015605,0.26406,-0.96438
118.12,230.62,90.764,0.96597,0.25508,0.042855,0.25865,-0.95111,-0.16879,0.0071529,0.17661,-0.98425
113.36,229.37,90.553,0.96611,0.25512,0.039391,0.25806,-0.9583,-0.12273,0.002891,0.1278,-0.9918
108.61,228.11,90.36,0.96611,0.25512,0.039194,0.25805,-0.95804,-0.12477,-1.0639e-08,0.12914,-0.99163
103.85,226.85,90.167,0.96611,0.25512,0.039194,0.25805,-0.95804,-0.12477,-1.0639e-08,0.12914,-0.99163
99.099,225.6,89.974,0.96611,0.25512,0.039194,0.25805,-0.95804,-0.12477,-1.0639e-08,0.12914,-0.99163
94.345,224.34,89.781,0.96612,0.25512,0.039119,0.25804,-0.95804,-0.12477,-1.0639e-08,0.12914,-0.99163
89.591,223.09,89.589,0.96612,0.25512,0.039001,0.25798,-0.959,-0.11736,-1.0649e-08,0.12147,-0.9926
84.837,221.83,89.397,0.96612,0.25512,0.039001,0.25798,-0.959,-0.11736,-1.0649e-08,0.12147,-0.9926
80.083,220.58,89.205,0.96612,0.25512,0.039001,0.25798,-0.959,-0.11736,-1.0649e-08,0.12147,-0.9926
75.329,219.32,89.013,0.96612,0.25512,0.039001,0.25798,-0.959,-0.11736,-1.0649e-08,0.12147,-0.9926
