0.45957,-0.27716,0.057566,-0.97262,-0.2324,-0.0017106,-0.2324,0.97262,-0.0030508,0.0023727,-0.0025697,-0.99999
0.46248,-0.27646,0.057571,-0.97262,-0.2324,-0.0017106,-0.2324,0.97262,-0.0030508,0.0023727,-0.0025697,-0.99999
0.4654,-0.27576,0.057576,-0.97262,-0.2324,-0.0017106,-0.2324,0.97262,-0.0030508,0.0023727,-0.0025697,-0.99999
0.46832,-0.27507,0.057581,-0.97262,-0.2324,-0.0017106,-0.2324,0.97262,-0.0030508,0.0023727,-0.0025697,-0.99999
0.47124,-0.27437,0.057587,-0.97262,-0.2324,-0.0017106,-0.2324,0.97262,-0.0030508,0.0023727,-0.0025697,-0.99999
0.47415,-0.27367,0.057592,-0.97262,-0.2324,-0.0017106,-0.2324,0.97262,-0.0030508,0.0023727,-0.0025697,-0.99999
0.47707,-0.27298,0.057597,-0.97262,-0.2324,-0.0017106,-0.2324,0.97262,-0.0030508,0.0023727,-0.0025697,-0.99999
0.47999,-0.27228,0.057602,-0.97262,-0.2324,-0.0017106,-0.2324,0.97262,-0.0030508,0.0023727,-0.0025697,-0.99999
0.48291,-0.27158,0.057607,-0.97262,-0.2324,-0.0017106,-0.2324,0.97262,-0.0030508,0.0023727,-0.0025697,-0.99999
0.48583,-0.27088,0.057612,-0.97262,-0.2324,-0.0017106,-0.2324,0.97262,-0.0030508,0.0023727,-0.0025697,-0.99999
0.48874,-0.27019,0.057617,-0.97262,-0.2324,-0.0017106,-0.2324,0.97262,-0.0030508,0.0023727,-0.0025697,-0.99999
0.49166,-0.26949,0.057623,-0.97262,-0.2324,-0.0017106,-0.2324,0.97262,-0.0030508,0.0023727,-0.0025697,-0.99999
0.49458,-0.26879,0.057628,-0.97262,-0.2324,-0.0017106,-0.2324,0.97262,-0.0030508,0.0023727,-0.0025697,-0.99999
0.4975,-0.2681,0.057633,-0.97262,-0.2324,-0.0017106,-0.2324,0.97262,-0.0030508,0.0023727,-0.0025697,-0.99999
0.50041,-0.2674,0.057638,-0.97262,-0.2324,-0.0017106,-0.2324,0.97262,-0.0030508,0.0023727,-0.0025697,-0.99999
0.50333,-0.2667,0.057643,-0.97262,-0.2324,-0.0017106,-0.2324,0.97262,-0.0030508,0.0023727,-0.0025697,-0.99999
0.50625,-0.266,0.057648,-0.97262,-0.2324,-0.0017106,-0.2324,0.97262,-0.0030508,0.0023727,-0.0025697,-0.99999
0.50917,-0.26531,0.057653,-0.97262,-0.2324,-0.0017106,-0.2324,0.97262,-0.0030508,0.0023727,-0.0025697,-0.99999
0.51209,-0.26461,0.057658,-0.97262,-0.2324,-0.0017106,-0.2324,0.97262,-0.0030508,0.0023727,-0.0025697,-0.99999
0.515,-0.26391,0.057664,-0.97262,-0.2324,-0.0017106,-0.2324,0.97262,-0.0030508,0.0023727,-0.0025697,-0.99999
0.51792,-0.26322,0.057669,-0.97262,-0.2324,-0.0017106,-0.2324,0.97262,-0.0030508,0.0023727,-0.0025697,-0.99999
0.52084,-0.26252,0.057674,-0.97262,-0.2324,-0.0017106,-0.2324,0.97262,-0.0030508,0.0023727,-0.0025697,-0.99999
0.52376,-0.26182,0.057679,-0.97262,-0.2324,-0.0017106,-0.2324,0.97262,-0.0030508,0.0023727,-0.0025697,-0.99999
0.52668,-0.26112,0.057684,-0.97262,-0.2324,-0.0017106,-0.2324,0.97262,-0.0030508,0.0023727,-0.0025697,-0.99999
0.52959,-0.26043,0.057689,-0.97262,-0.2324,-0.0017106,-0.2324,0.97262,-0.0030508,0.0023727,-0.0025697,-0.99999
0.53251,-0.25973,0.057694,-0.97262,-0.2324,-0.0017106,-0.2324,0.97262,-0.0030508,0.0023727,-0.0025697,-0.99999
0.53543,-0.25903,0.057699,-0.97262,-0.2324,-0.0017106,-0.2324,0.97262,-0.0030508,0.0023727,-0.0025697,-0.99999
0.53835,-0.25833,0.057705,-0.97262,-0.2324,-0.0017106,-0.2324,0.97262,-0.0030508,0.0023727,-0.0025697,-0.99999
0.54126,-0.25764,0.05771,-0.97262,-0.2324,-0.0017106,-0.2324,0.97262,-0.0030508,0.0023727,-0.0025697,-0.99999
0.54418,-0.25694,0.057715,-0.97262,-0.2324,-0.0017106,-0.2324,0.97262,-0.0030508,0.0023727,-0.0025697,-0.99999
0.5471,-0.25624,0.05772,-0.97262,-0.2324,-0.0017106,-0.2324,0.97262,-0.0030508,0.0023727,-0.0025697,-0.99999
0.55002,-0.25555,0.057725,-0.97262,-0.2324,-0.0017106,-0.2324,0.97262,-0.0030508,0.0023727,-0.0025697,-0.99999
0.55294,-0.25485,0.05773,-0.97262,-0.2324,-0.0017106,-0.2324,0.97262,-0.0030508,0.0023727,-0.0025697,-0.99999
0.55585,-0.25415,0.057735,-0.97262,-0.2324,-0.0017106,-0.2324,0.97262,-0.0030508,0.0023727,-0.0025697,-0.99999
0.55877,-0.25345,0.057741,-0.97262,-0.2324,-0.0017106,-0.2324,0.97262,-0.0030508,0.0023727,-0.0025697,-0.99999
0.56169,-0.25276,0.057746,-0.97262,-0.2324,-0.0017106,-0.2324,0.97262,-0.0030508,0.0023727,-0.0025697,-0.99999
0.56461,-0.25206,0.057751,-0.97262,-0.2324,-0.0017106,-0.2324,0.97262,-0.0030508,0.0023727,-0.0025697,-0.99999
0.56753,-0.25136,0.057756,-0.97262,-0.2324,-0.0017106,-0.2324,0.97262,-0.0030508,0.0023727,-0.0025697,-0.99999
0.57044,-0.25067,0.057761,-0.97262,-0.2324,-0.0017106,-0.2324,0.97262,-0.0030508,0.0023727,-0.0025697,-0.99999
0.57336,-0.24997,0.057766,-0.97262,-0.2324,-0.0017106,-0.2324,0.97262,-0.0030508,0.0023727,-0.0025697,-0.99999
0.57628,-0.24927,0.057771,-0.97262,-0.2324,-0.0017106,-0.2324,0.97262,-0.0030508,0.0023727,-0.0025697,-0.99999
0.5792,-0.24857,0.057776,-0.97262,-0.2324,-0.0017106,-0.2324,0.97262,-0.0030508,0.0023727,-0.0025697,-0.99999
0.58211,-0.24788,0.057782,-0.97262,-0.2324,-0.0017106,-0.2324,0.97262,-0.0030508,0.0023727,-0.0025697,-0.99999
0.58503,-0.24718,0.057787,-0.97262,-0.2324,-0.0017106,-0.2324,0.97262,-0.0030508,0.0023727,-0.0025697,-0.99999
0.58795,-0.24648,0.057792,-0.97262,-0.2324,-0.0017106,-0.2324,0.97262,-0.0030508,0.0023727,-0.0025697,-0.99999
0.59087,-0.24578,0.057797,-0.97262,-0.2324,-0.0017106,-0.2324,0.97262,-0.0030508,0.0023727,-0.0025697,-0.99999
0.59379,-0.24509,0.057802,-0.97262,-0.2324,-0.0017106,-0.2324,0.97262,-0.0030508,0.0023727,-0.0025697,-0.99999
0.5967,-0.24439,0.057807,-0.97262,-0.2324,-0.0017106,-0.2324,0.97262,-0.0030508,0.0023727,-0.0025697,-0.99999
0.59962,-0.24369,0.057812,-0.97262,-0.2324,-0.0017106,-0.2324,0.97262,-0.0030508,0.0023727,-0.0025697,-0.99999
0.60254,-0.243,0.057818,-0.97262,-0.2324,-0.0017106,-0.2324,0.97262,-0.0030508,0.0023727,-0.0025697,-0.99999
0.60546,-0.2423,0.057823,-0.97262,-0.2324,-0.0017106,-0.2324,0.97262,-0.0030508,0.0023727,-0.0025697,-0.99999
0.60838,-0.2416,0.057828,-0.97262,-0.2324,-0.0017106,-0.2324,0.97262,-0.0030508,0.0023727,-0.0025697,-0.99999
0.61129,-0.2409,0.057833,-0.97262,-0.2324,-0.0017106,-0.2324,0.97262,-0.0030508,0.0023727,-0.0025697,-0.99999
0.61421,-0.24021,0.057838,-0.97262,-0.2324,-0.0017106,-0.2324,0.97262,-0.0030508,0.0023727,-0.0025697,-0.99999
0.61713,-0.23951,0.057843,-0.97262,-0.2324,-0.0017106,-0.2324,0.97262,-0.0030508,0.0023727,-0.0025697,-0.99999
0.62005,-0.23881,0.057848,-0.97262,-0.2324,-0.0017106,-0.2324,0.97262,-0.0030508,0.0023727,-0.0025697,-0.99999
0.62296,-0.23812,0.057853,-0.97262,-0.2324,-0.0017106,-0.2324,0.97262,-0.0030508,0.0023727,-0.0025697,-0.99999
0.62588,-0.23742,0.057859,-0.97262,-0.2324,-0.0017106,-0.2324,0.97262,-0.0030508,0.0023727,-0.0025697,-0.99999
0.6288,-0.23672,0.057864,-0.97262,-0.2324,-0.0017106,-0.2324,0.97262,-0.0030508,0.0023727,-0.0025697,-0.99999
0.63172,-0.23602,0.057869,-0.97262,-0.2324,-0.0017106,-0.2324,0.97262,-0.0030508,0.0023727,-0.0025697,-0.99999
0.63464,-0.23533,0.057874,-0.97262,-0.2324,-0.0017106,-0.2324,0.97262,-0.0030508,0.0023727,-0.0025697,-0.99999
0.63755,-0.23463,0.057879,-0.97262,-0.2324,-0.0017106,-0.2324,0.97262,-0.0030508,0.0023727,-0.0025697,-0.99999
0.64047,-0.23393,0.057884,-0.97262,-0.2324,-0.0017106,-0.2324,0.97262,-0.0030508,0.0023727,-0.0025697,-0.99999
0.64339,-0.23324,0.057889,-0.97262,-0.2324,-0.0017106,-0.2324,0.97262,-0.0030508,0.0023727,-0.0025697,-0.99999
0.64631,-0.23254,0.057894,-0.97262,-0.2324,-0.0017106,-0.2324,0.97262,-0.0030508,0.0023727,-0.0025697,-0.99999
0.64923,-0.23184,0.0579,-0.97262,-0.2324,-0.0017106,-0.2324,0.97262,-0.0030508,0.0023727,-0.0025697,-0.99999
0.54361,0.16018,0.056642,-0.5281,0.84917,-0.0034352,0.84918,0.52811,0.00065778,0.0023727,-0.0025697,-0.99999
0.54519,0.15763,0.056652,-0.5281,0.84917,-0.0034352,0.84918,0.52811,0.00065778,0.0023727,-0.0025697,-0.99999
0.54678,0.15509,0.056662,-0.5281,0.84917,-0.0034352,0.84918,0.52811,0.00065778,0.0023727,-0.0025697,-0.99999
0.54836,0.15254,0.056673,-0.5281,0.84917,-0.0034352,0.84918,0.52811,0.00065778,0.0023727,-0.0025697,-0.99999
0.54995,0.14999,0.056683,-0.5281,0.84917,-0.0034352,0.84918,0.52811,0.00065778,0.0023727,-0.0025697,-0.99999
0.55153,0.14744,0.056693,-0.5281,0.84917,-0.0034352,0.84918,0.52811,0.00065778,0.0023727,-0.0025697,-0.99999
0.55312,0.1449,0.056703,-0.5281,0.84917,-0.0034352,0.84918,0.52811,0.00065778,0.0023727,-0.0025697,-0.99999
0.5547,0.14235,0.056714,-0.5281,0.84917,-0.0034352,0.84918,0.52811,0.00065778,0.0023727,-0.0025697,-0.99999
0.55628,0.1398,0.056724,-0.5281,0.84917,-0.0034352,0.84918,0.52811,0.00065778,0.0023727,-0.0025697,-0.99999
0.55787,0.13725,0.056734,-0.5281,0.84917,-0.0034352,0.84918,0.52811,0.00065778,0.0023727,-0.0025697,-0.99999
0.55945,0.13471,0.056745,-0.5281,0.84917,-0.0034352,0.84918,0.52811,0.00065778,0.0023727,-0.0025697,-0.99999
0.56104,0.13216,0.056755,-0.5281,0.84917,-0.0034352,0.84918,0.52811,0.00065778,0.0023727,-0.0025697,-0.99999
0.56262,0.12961,0.056765,-0.5281,0.84917,-0.0034352,0.84918,0.52811,0.00065778,0.0023727,-0.0025697,-0.99999
0.56421,0.12706,0.056776,-0.5281,0.84917,-0.0034352,0.84918,0.52811,0.00065778,0.0023727,-0.0025697,-0.99999
0.56579,0.12452,0.056786,-0.5281,0.84917,-0.0034352,0.84918,0.52811,0.00065778,0.0023727,-0.0025697,-0.99999
0.56737,0.12197,0.056796,-0.5281,0.84917,-0.0034352,0.84918,0.52811,0.00065778,0.0023727,-0.0025697,-0.99999
0.56896,0.11942,0.056807,-0.5281,0.84917,-0.0034352,0.84918,0.52811,0.00065778,0.0023727,-0.0025697,-0.99999
0.57054,0.11687,0.056817,-0.5281,0.84917,-0.0034352,0.84918,0.52811,0.00065778,0.0023727,-0.0025697,-0.99999
0.57213,0.11433,0.056827,-0.5281,0.84917,-0.0034352,0.84918,0.52811,0.00065778,0.0023727,-0.0025697,-0.99999
0.57371,0.11178,0.056837,-0.5281,0.84917,-0.0034352,0.84918,0.52811,0.00065778,0.0023727,-0.0025697,-0.99999
0.5753,0.10923,0.056848,-0.52812,0.84916,-0.0034352,0.84916,0.52813,0.00065771,0.0023727,-0.0025697,-0.99999
0.57688,0.10668,0.056961,-0.52448,0.84565,-0.098929,0.85142,0.52125,-0.058218,0.0023345,-0.11476,-0.99339
0.57846,0.10414,0.057322,-0.51306,0.83601,-0.19455,0.85835,0.5003,-0.11372,0.0022669,-0.22534,-0.97428
0.58005,0.10159,0.058073,-0.49032,0.80374,-0.33703,0.87154,0.45311,-0.18738,0.0021122,-0.38561,-0.92266
0.58163,0.099041,0.059281,-0.45301,0.75276,-0.47764,0.8915,0.38364,-0.24091,0.0018975,-0.53495,-0.84488
0.58322,0.096493,0.061087,-0.4087,0.6778,-0.61119,0.91267,0.30472,-0.27237,0.0016291,-0.66913,-0.74314
0.5848,0.093946,0.063546,-0.40378,0.62546,-0.66765,0.91486,0.27723,-0.29357,0.001477,-0.72934,-0.68415
0.58639,0.091398,0.066078,-0.40781,0.65456,-0.63659,0.91307,0.29354,-0.2831,0.0015624,-0.6967,-0.71737
0.58797,0.088851,0.068546,-0.40781,0.65456,-0.63659,0.91307,0.29354,-0.2831,0.0015624,-0.6967,-0.71737
0.58955,0.086303,0.071014,-0.40461,0.65558,-0.63757,0.91449,0.29125,-0.28087,0.0015624,-0.6967,-0.71737
0.59114,0.083756,0.073531,-0.43863,0.67005,-0.59886,0.89867,0.32826,-0.29094,0.0016369,-0.66579,-0.74614
0.59272,0.081208,0.07555,-0.4511,0.71587,-0.53295,0.89247,0.36303,-0.26778,0.001785,-0.59644,-0.80266
0.59431,0.078661,0.077377,-0.4511,0.71587,-0.53295,0.89247,0.36303,-0.26778,0.001785,-0.59644,-0.80266
0.59589,0.076113,0.079204,-0.45132,0.71578,-0.53289,0.89236,0.3632,-0.2679,0.001785,-0.59644,-0.80266
0.59748,0.073566,0.081027,-0.45308,0.74204,-0.49405,0.89147,0.3783,-0.24936,0.0018654,-0.55341,-0.8329
0.59906,0.071018,0.082826,-0.45308,0.74204,-0.49405,0.89147,0.3783,-0.24936,0.0018654,-0.55341,-0.8329
0.60064,0.068471,0.084625,-0.46589,0.73651,-0.49041,0.88484,0.38896,-0.25646,0.0018654,-0.55341,-0.8329
0.60223,0.065923,0.086228,-0.48197,0.76377,-0.42937,0.87619,0.42123,-0.23422,0.0019717,-0.4891,-0.87223
0.60381,0.063376,0.087573,-0.48737,0.77381,-0.40457,0.87319,0.43297,-0.22377,0.0020114,-0.46233,-0.88671
0.6054,0.060828,0.088826,-0.48762,0.76641,-0.41814,0.87305,0.42915,-0.23154,0.0019885,-0.47796,-0.87838
0.60698,0.058281,0.090078,-0.48739,0.78741,-0.37741,0.87318,0.44053,-0.20854,0.0020546,-0.43119,-0.90226
0.60857,0.055733,0.09133,-0.4919,0.78512,-0.37633,0.87065,0.44459,-0.21049,0.0020546,-0.43119,-0.90226
0.61015,0.053186,0.092503,-0.49791,0.80031,-0.33406,0.86723,0.46043,-0.18955,0.002114,-0.38408,-0.9233
0.61173,0.050638,0.093563,-0.50473,0.80354,-0.31555,0.86328,0.4707,-0.18219,0.0021368,-0.36437,-0.93125
0.61332,0.048091,0.094489,-0.50819,0.80993,-0.29284,0.86124,0.47876,-0.17043,0.0021648,-0.33881,-0.94085
0.6149,0.045543,0.095338,-0.51152,0.81603,-0.26916,0.85927,0.48657,-0.15781,0.0021921,-0.312,-0.95008
0.61649,0.042995,0.09611,-0.51515,0.81396,-0.26849,0.85709,0.49002,-0.15895,0.0021921,-0.312,-0.95008
0.61807,0.040448,0.0968,-0.51606,0.81997,-0.24765,0.85655,0.49477,-0.14673,0.0022149,-0.28785,-0.95767
0.61966,0.0379,0.097458,-0.51092,0.82767,-0.23221,0.85962,0.49263,-0.13552,0.0022318,-0.26885,-0.96318
0.62124,0.035353,0.098247,-0.51536,0.82511,-0.23151,0.85697,0.4969,-0.13672,0.0022318,-0.26885,-0.96318
0.62282,0.032805,0.098919,-0.52091,0.83403,-0.18179,0.85361,0.50953,-0.10833,0.002277,-0.21161,-0.97735
0.62441,0.030258,0.099421,-0.52232,0.83605,-0.16792,0.85274,0.51262,-0.10022,0.0022881,-0.19554,-0.98069
0.62599,0.02771,0.099871,-0.52298,0.83851,-0.15293,0.85234,0.51498,-0.091178,0.0022996,-0.17803,-0.98402
0.62758,0.025163,0.10029,-0.52009,0.84115,-0.1482,0.8541,0.51126,-0.095566,-0.0046185,-0.17628,-0.98433
0.62916,0.022615,0.10082,-0.50742,0.82255,-0.25679,0.86116,0.47355,-0.18479,-0.030396,-0.31491,-0.94864
0.63075,0.020068,0.10168,-0.4868,0.79519,-0.36152,0.87185,0.41677,-0.25726,-0.053901,-0.44042,-0.89617
0.63233,0.01752,0.10292,-0.45603,0.75679,-0.46831,0.88668,0.3412,-0.31206,-0.076378,-0.55754,-0.82663
0.63392,0.014973,0.10464,-0.40858,0.70855,-0.57535,0.90832,0.25379,-0.33249,-0.089566,-0.65844,-0.74728
0.6355,0.012425,0.10702,-0.43221,0.68088,-0.59127,0.8961,0.25085,-0.36617,-0.101,-0.6881,-0.71856
0.63708,0.0098778,0.10915,-0.43609,0.67979,-0.58967,0.89422,0.2538,-0.36873,-0.101,-0.6881,-0.71856
0.63867,0.0073302,0.11124,-0.45838,0.72422,-0.51517,0.883,0.3052,-0.3566,-0.10103,-0.61835,-0.77938
0.64025,0.0047827,0.11298,-0.4585,0.72417,-0.51512,0.88293,0.30531,-0.35668,-0.10103,-0.61835,-0.77938
0.64184,0.0022352,0.11472,-0.47993,0.76023,-0.43785,0.87147,0.35563,-0.33774,-0.10105,-0.54367,-0.8332
0.64342,-0.00031232,0.11613,-0.47993,0.76023,-0.43785,0.87147,0.35563,-0.33774,-0.10105,-0.54367,-0.8332
0.64501,-0.0028598,0.11754,-0.49576,0.75361,-0.43161,0.86256,0.36946,-0.34568,-0.10105,-0.54367,-0.8332
0.64659,-0.0054073,0.11877,-0.49069,0.79826,-0.34928,0.868,0.41278,-0.27603,-0.076172,-0.43862,-0.89544
0.64817,-0.0079549,0.11994,-0.50144,0.79307,-0.34582,0.86183,0.42267,-0.28035,-0.076172,-0.43862,-0.89544
0.64976,-0.010502,0.12097,-0.50488,0.81966,-0.27066,0.85982,0.44986,-0.24153,-0.076211,-0.35466,-0.93188
0.65134,-0.01305,0.12186,-0.50762,0.81822,-0.26989,0.8582,0.45248,-0.24239,-0.076211,-0.35466,-0.93188
0.65293,-0.015597,0.12272,-0.51768,0.82618,-0.22232,0.85308,0.47863,-0.20776,-0.06524,-0.29721,-0.95258
0.65451,-0.018145,0.12335,-0.51543,0.8352,-0.19178,0.85353,0.48045,-0.20161,-0.076238,-0.26761,-0.96051
0.6561,-0.020692,0.12399,-0.52578,0.82928,-0.18931,0.8472,0.49059,-0.20393,-0.076238,-0.26761,-0.96051
0.65768,-0.02324,0.12444,-0.52478,0.83897,-0.14399,0.84873,0.50273,-0.16406,-0.065253,-0.20831,-0.97588
0.65926,-0.025787,0.12483,-0.5255,0.84336,-0.11219,0.84737,0.507,-0.15786,-0.076252,-0.17802,-0.98107
0.66085,-0.028335,0.12516,-0.52853,0.84639,-0.065371,0.8464,0.51948,-0.11722,-0.065255,-0.11728,-0.99095
0.66243,-0.030883,0.12531,-0.52853,0.84639,-0.065371,0.8464,0.51948,-0.11722,-0.065255,-0.11728,-0.99095
0.66402,-0.03343,0.12546,-0.5321,0.84605,-0.032794,0.84324,0.52605,-0.11052,-0.076254,-0.086461,-0.99333
0.6656,-0.035978,0.12542,-0.52897,0.84853,0.013569,0.84613,0.52856,-0.068439,-0.065245,-0.024721,-0.99756
0.66719,-0.038525,0.12533,-0.52789,0.84808,0.045757,0.84589,0.52983,-0.061312,-0.076241,0.0063391,-0.99707
0.66877,-0.041073,0.12517,-0.5261,0.84538,0.092413,0.84792,0.52978,-0.019239,-0.065223,0.068236,-0.99553
0.67035,-0.04362,0.12485,-0.5261,0.84538,0.092413,0.84792,0.52978,-0.019239,-0.065223,0.068236,-0.99553
0.67194,-0.046168,0.12452,-0.52453,0.84227,0.12433,0.84797,0.5299,-0.01227,-0.076214,0.09899,-0.99217
0.67352,-0.048715,0.124,-0.51999,0.83698,0.17052,0.85168,0.52327,0.028719,-0.06519,0.16016,-0.98494
0.67511,-0.051263,0.12343,-0.51935,0.83737,0.17054,0.85207,0.52264,0.028591,-0.06519,0.16016,-0.98494
0.67669,-0.05381,0.12278,-0.5109,0.81827,0.26348,0.85841,0.50199,0.1055,-0.045939,0.28007,-0.95888
0.67828,-0.056358,0.12201,-0.51011,0.81873,0.26358,0.85888,0.50124,0.10526,-0.045939,0.28007,-0.95888
0.67986,-0.058905,0.12122,-0.50007,0.80823,0.31095,0.86516,0.48194,0.13868,-0.037772,0.33837,-0.94025
0.68144,-0.061453,0.12019,-0.49879,0.79745,0.33952,0.8655,0.47905,0.14634,-0.045949,0.36685,-0.92914
0.68303,-0.064,0.11915,-0.48943,0.80257,0.34108,0.87083,0.47042,0.14267,-0.045949,0.36685,-0.92914
0.68461,-0.066548,0.11788,-0.48324,0.77108,0.41462,0.87428,0.44989,0.1823,-0.045967,0.45058,-0.89155
0.6862,-0.069095,0.11657,-0.47295,0.77631,0.41673,0.87989,0.44081,0.17742,-0.045967,0.45058,-0.89155
0.68778,-0.071643,0.11505,-0.46535,0.75494,0.46207,0.88431,0.41892,0.20613,-0.037955,0.50454,-0.86255
0.68937,-0.07419,0.11343,-0.45184,0.7446,0.49133,0.89091,0.40503,0.20549,-0.045991,0.53058,-0.84638
0.69095,-0.076738,0.11158,-0.44235,0.71919,0.53581,0.89603,0.37977,0.22999,-0.038078,0.58184,-0.81241
0.69253,-0.079285,0.10961,-0.42434,0.70749,0.56516,0.90433,0.36284,0.22479,-0.046023,0.60648,-0.79377
0.69412,-0.081833,0.10735,-0.41523,0.6768,0.60789,0.90891,0.33672,0.24596,-0.038221,0.65465,-0.75497
0.6957,-0.08438,0.10498,-0.3887,0.66476,0.63797,0.92021,0.31471,0.23274,-0.04606,0.67753,-0.73405
0.69729,-0.086928,0.10216,-0.3736,0.63084,0.68005,0.9268,0.2842,0.24552,-0.038382,0.722,-0.69083
0.69887,-0.089475,0.099132,-0.34856,0.57165,0.74278,0.93649,0.24501,0.2509,-0.03856,0.78306,-0.62075
0.70046,-0.092023,0.095707,-0.31645,0.5542,0.76988,0.94749,0.22415,0.2281,-0.046152,0.80164,-0.59603
0.70204,-0.09457,0.091629,-0.31079,0.50894,0.80274,0.94969,0.20071,0.24044,-0.03875,0.83708,-0.54571
0.70363,-0.097118,0.087498,-0.31887,0.53126,0.78491,0.94725,0.20676,0.24488,-0.032189,0.82159,-0.56916
0.70521,-0.099665,0.083521,-0.34635,0.525,0.77744,0.93755,0.22216,0.26766,-0.032189,0.82159,-0.56916
0.70679,-0.10221,0.080085,-0.37946,0.59125,0.71164,0.92461,0.26988,0.2688,-0.033125,0.75999,-0.64909
0.70838,-0.10476,0.077194,-0.38624,0.62713,0.6764,0.922,0.28389,0.26328,-0.026914,0.72533,-0.68787
0.70996,-0.10731,0.074392,-0.43011,0.67618,0.59815,0.90234,0.34249,0.26168,-0.027916,0.65229,-0.75746
0.71155,-0.10986,0.072263,-0.43154,0.70724,0.55999,0.90182,0.35348,0.24853,-0.022176,0.61226,-0.79034
0.71313,-0.1124,0.070138,-0.44471,0.70198,0.55629,0.8954,0.36381,0.25671,-0.022176,0.61226,-0.79034
0.71472,-0.11495,0.068222,-0.47032,0.75196,0.4619,0.88239,0.40881,0.23295,-0.013665,0.51714,-0.85579
0.7163,-0.1175,0.066692,-0.47032,0.75196,0.4619,0.88239,0.40881,0.23295,-0.013665,0.51714,-0.85579
0.71788,-0.12005,0.065161,-0.47855,0.7481,0.45971,0.87795,0.41582,0.23726,-0.013665,0.51714,-0.85579
0.71947,-0.12259,0.063763,-0.49905,0.79883,0.33589,0.86652,0.46422,0.18341,-0.009419,0.38259,-0.92387
0.72105,-0.12514,0.062726,-0.49905,0.79883,0.33589,0.86652,0.46422,0.18341,-0.009419,0.38259,-0.92387
0.72264,-0.12769,0.061689,-0.50558,0.7953,0.3345,0.86273,0.47024,0.18594,-0.009419,0.38259,-0.92387
0.72422,-0.13024,0.060781,-0.51149,0.80844,0.29121,0.85926,0.48393,0.16577,-0.0069137,0.33501,-0.94219
0.72581,-0.13278,0.060005,-0.51771,0.83135,0.20206,0.85554,0.50438,0.11681,-0.0048038,0.23334,-0.97238
0.72739,-0.13533,0.059402,-0.52241,0.82857,0.20141,0.85268,0.50895,0.11792,-0.0048038,0.23334,-0.97238
0.72897,-0.13788,0.05894,-0.52276,0.83774,0.15785,0.85248,0.5143,0.093704,-0.0026797,0.18354,-0.98301
0.73056,-0.14043,0.058509,-0.52456,0.84414,0.11071,0.85137,0.52031,0.066668,-0.0013285,0.12923,-0.99161
0.73214,-0.14297,0.058159,-0.52759,0.84686,0.066915,0.8495,0.52595,0.041469,-7.5763e-05,0.078723,-0.9969
0.73373,-0.14552,0.058014,-0.52779,0.84907,0.022875,0.84937,0.52754,0.016122,0.0016214,0.027938,-0.99961
0.73531,-0.14807,0.057906,-0.52825,0.84878,0.022866,0.84909,0.52801,0.016135,0.0016214,0.027938,-0.99961
0.7369,-0.15062,0.057899,-0.5281,0.84917,-0.0034352,0.84918,0.52811,0.00065778,0.0023727,-0.0025697,-0.99999
0.73848,-0.15316,0.057909,-0.5281,0.84917,-0.0034352,0.84918,0.52811,0.00065778,0.0023727,-0.0025697,-0.99999
0.74006,-0.15571,0.05792,-0.5281,0.84917,-0.0034352,0.84918,0.52811,0.00065778,0.0023727,-0.0025697,-0.99999
0.74165,-0.15826,0.05793,-0.5281,0.84917,-0.0034352,0.84918,0.52811,0.00065778,0.0023727,-0.0025697,-0.99999
0.74323,-0.16081,0.05794,-0.5281,0.84917,-0.0034352,0.84918,0.52811,0.00065778,0.0023727,-0.0025697,-0.99999
0.74482,-0.16335,0.05795,-0.5281,0.84917,-0.0034352,0.84918,0.52811,0.00065778,0.0023727,-0.0025697,-0.99999
0.7464,-0.1659,0.057961,-0.5281,0.84917,-0.0034352,0.84918,0.52811,0.00065778,0.0023727,-0.0025697,-0.99999
0.74799,-0.16845,0.057971,-0.5281,0.84917,-0.0034352,0.84918,0.52811,0.00065778,0.0023727,-0.0025697,-0.99999
0.74957,-0.171,0.057981,-0.5281,0.84917,-0.0034352,0.84918,0.52811,0.00065778,0.0023727,-0.0025697,-0.99999
0.75115,-0.17354,0.057992,-0.5281,0.84917,-0.0034352,0.84918,0.52811,0.00065778,0.0023727,-0.0025697,-0.99999
0.75274,-0.17609,0.058002,-0.5281,0.84917,-0.0034352,0.84918,0.52811,0.00065778,0.0023727,-0.0025697,-0.99999
0.75432,-0.17864,0.058012,-0.5281,0.84917,-0.0034352,0.84918,0.52811,0.00065778,0.0023727,-0.0025697,-0.99999
0.74886,0.17795,0.057083,0.5569,0.83058,-0.00081297,0.83057,-0.5569,0.0034018,0.0023727,-0.0025697,-0.99999
0.74719,0.17546,0.057085,0.5569,0.83058,-0.00081297,0.83057,-0.5569,0.0034018,0.0023727,-0.0025697,-0.99999
0.74551,0.17297,0.057088,0.5569,0.83058,-0.00081297,0.83057,-0.5569,0.0034018,0.0023727,-0.0025697,-0.99999
0.74384,0.17047,0.05709,0.5569,0.83058,-0.00081297,0.83057,-0.5569,0.0034018,0.0023727,-0.0025697,-0.99999
0.74217,0.16798,0.057093,0.5569,0.83058,-0.00081297,0.83057,-0.5569,0.0034018,0.0023727,-0.0025697,-0.99999
0.7405,0.16549,0.057095,0.5569,0.83058,-0.00081297,0.83057,-0.5569,0.0034018,0.0023727,-0.0025697,-0.99999
0.73883,0.163,0.057098,0.5569,0.83058,-0.00081297,0.83057,-0.5569,0.0034018,0.0023727,-0.0025697,-0.99999
0.73716,0.16051,0.0571,0.5569,0.83058,-0.00081297,0.83057,-0.5569,0.0034018,0.0023727,-0.0025697,-0.99999
0.73549,0.15802,0.057102,0.5569,0.83058,-0.00081297,0.83057,-0.5569,0.0034018,0.0023727,-0.0025697,-0.99999
0.73382,0.15552,0.057105,0.5569,0.83058,-0.00081297,0.83057,-0.5569,0.0034018,0.0023727,-0.0025697,-0.99999
0.73215,0.15303,0.057107,0.5569,0.83058,-0.00081297,0.83057,-0.5569,0.0034018,0.0023727,-0.0025697,-0.99999
0.73048,0.15054,0.05711,0.5569,0.83058,-0.00081297,0.83057,-0.5569,0.0034018,0.0023727,-0.0025697,-0.99999
0.72881,0.14805,0.057112,0.5569,0.83058,-0.00081297,0.83057,-0.5569,0.0034018,0.0023727,-0.0025697,-0.99999
0.72714,0.14556,0.057115,0.5569,0.83058,-0.00081297,0.83057,-0.5569,0.0034018,0.0023727,-0.0025697,-0.99999
0.72547,0.14306,0.057117,0.5569,0.83058,-0.00081297,0.83057,-0.5569,0.0034018,0.0023727,-0.0025697,-0.99999
0.7238,0.14057,0.05712,0.5569,0.83058,-0.00081297,0.83057,-0.5569,0.0034018,0.0023727,-0.0025697,-0.99999
0.72212,0.13808,0.057122,0.5569,0.83058,-0.00081297,0.83057,-0.5569,0.0034018,0.0023727,-0.0025697,-0.99999
0.72045,0.13559,0.057124,0.5569,0.83058,-0.00081297,0.83057,-0.5569,0.0034018,0.0023727,-0.0025697,-0.99999
0.71878,0.1331,0.057127,0.5569,0.83058,-0.00081297,0.83057,-0.5569,0.0034018,0.0023727,-0.0025697,-0.99999
0.71711,0.13061,0.057129,0.5569,0.83058,-0.00081297,0.83057,-0.5569,0.0034018,0.0023727,-0.0025697,-0.99999
0.71544,0.12811,0.057132,0.5569,0.83058,-0.00081297,0.83057,-0.5569,0.0034018,0.0023727,-0.0025697,-0.99999
0.71377,0.12562,0.057134,0.5569,0.83058,-0.00081297,0.83057,-0.5569,0.0034018,0.0023727,-0.0025697,-0.99999
0.7121,0.12313,0.057137,0.5569,0.83058,-0.00081297,0.83057,-0.5569,0.0034018,0.0023727,-0.0025697,-0.99999
0.71043,0.12064,0.057139,0.5569,0.83058,-0.00081297,0.83057,-0.5569,0.0034018,0.0023727,-0.0025697,-0.99999
0.70876,0.11815,0.057141,0.5569,0.83058,-0.00081297,0.83057,-0.5569,0.0034018,0.0023727,-0.0025697,-0.99999
0.70709,0.11566,0.057144,0.5569,0.83058,-0.00081297,0.83057,-0.5569,0.0034018,0.0023727,-0.0025697,-0.99999
0.70542,0.11316,0.057146,0.5569,0.83058,-0.00081297,0.83057,-0.5569,0.0034018,0.0023727,-0.0025697,-0.99999
0.70375,0.11067,0.057149,0.5569,0.83058,-0.00081297,0.83057,-0.5569,0.0034018,0.0023727,-0.0025697,-0.99999
0.70208,0.10818,0.057151,0.55673,0.83069,-0.00081368,0.83069,-0.55672,0.0034016,0.0023727,-0.0025697,-0.99999
0.70041,0.10569,0.057338,0.55279,0.83196,-0.047591,0.83331,-0.55173,0.034394,0.0023574,-0.058671,-0.99827
0.69873,0.1032,0.057846,0.53624,0.82263,-0.18901,0.84406,-0.52202,0.1227,0.0022669,-0.22534,-0.97428
0.69706,0.10071,0.058738,0.50939,0.7944,-0.33084,0.86053,-0.4693,0.1981,0.0021122,-0.38561,-0.92266
0.69539,0.098214,0.060093,0.46734,0.74742,-0.47219,0.88408,-0.39395,0.25142,0.0018975,-0.53495,-0.84488
0.69372,0.095722,0.062063,0.43399,0.66999,-0.60231,0.90092,-0.32154,0.29149,0.0016291,-0.66913,-0.74314
0.69205,0.09323,0.064478,0.43424,0.64668,-0.6271,0.9008,-0.31053,0.30354,0.0015624,-0.6967,-0.71737
0.69038,0.090738,0.066887,0.43424,0.64668,-0.6271,0.9008,-0.31053,0.30354,0.0015624,-0.6967,-0.71737
0.68871,0.088247,0.069296,0.43424,0.64668,-0.6271,0.9008,-0.31053,0.30354,0.0015624,-0.6967,-0.71737
0.68704,0.085755,0.071705,0.4341,0.64672,-0.62714,0.90086,-0.31043,0.30345,0.0015624,-0.6967,-0.71737
0.68537,0.083263,0.074116,0.46329,0.66174,-0.58946,0.88621,-0.34471,0.30954,0.0016369,-0.66579,-0.74614
0.6837,0.080771,0.076125,0.47949,0.70488,-0.52271,0.87754,-0.38394,0.28725,0.001785,-0.59644,-0.80266
0.68203,0.07828,0.077898,0.48097,0.73074,-0.48445,0.87674,-0.3997,0.26754,0.0018654,-0.55341,-0.8329
0.68036,0.075788,0.079651,0.48097,0.73074,-0.48445,0.87674,-0.3997,0.26754,0.0018654,-0.55341,-0.8329
0.67869,0.073296,0.081403,0.48097,0.73074,-0.48445,0.87674,-0.3997,0.26754,0.0018654,-0.55341,-0.8329
0.67702,0.070805,0.083155,0.48097,0.73074,-0.48445,0.87674,-0.3997,0.26754,0.0018654,-0.55341,-0.8329
0.67534,0.068313,0.084908,0.49741,0.72307,-0.47932,0.86751,-0.4134,0.27662,0.0018654,-0.55341,-0.8329
0.67367,0.065821,0.086423,0.51584,0.76011,-0.39515,0.85668,-0.4566,0.24002,0.0020114,-0.46233,-0.88671
0.672,0.063329,0.087646,0.51574,0.77346,-0.36847,0.85674,-0.46457,0.22397,0.0020546,-0.43119,-0.90226
0.67033,0.060838,0.088869,0.51574,0.77346,-0.36847,0.85674,-0.46457,0.22397,0.0020546,-0.43119,-0.90226
0.66866,0.058346,0.090091,0.51574,0.77346,-0.36847,0.85674,-0.46457,0.22397,0.0020546,-0.43119,-0.90226
0.66699,0.055854,0.091314,0.51574,0.77346,-0.36847,0.85674,-0.46457,0.22397,0.0020546,-0.43119,-0.90226
0.66532,0.053362,0.092536,0.52588,0.76789,-0.36578,0.85056,-0.47372,0.22833,0.0020546,-0.43119,-0.90226
0.66365,0.050871,0.09359,0.53437,0.78756,-0.30692,0.84525,-0.49698,0.19639,0.0021368,-0.36437,-0.93125
0.66198,0.048379,0.094475,0.54015,0.79219,-0.28404,0.84157,-0.50758,0.18472,0.0021648,-0.33881,-0.94085
0.66031,0.045887,0.09524,0.54377,0.79771,-0.26071,0.83923,-0.51606,0.17141,0.0021921,-0.312,-0.95008
0.65864,0.043395,0.095918,0.54226,0.805,-0.24071,0.84021,-0.51877,0.15787,0.0022149,-0.28785,-0.95767
0.65697,0.040904,0.096622,0.53976,0.81115,-0.22517,0.84182,-0.51938,0.14693,0.0022318,-0.26885,-0.96318
0.6553,0.038412,0.097386,0.53976,0.81115,-0.22517,0.84182,-0.51938,0.14693,0.0022318,-0.26885,-0.96318
0.65363,0.03592,0.09815,0.54225,0.80961,-0.22473,0.84021,-0.52178,0.14759,0.0022318,-0.26885,-0.96318
0.65195,0.033429,0.098852,0.54971,0.8167,-0.17554,0.83535,-0.53686,0.11818,0.002277,-0.21161,-0.97735
0.65028,0.030937,0.099342,0.55148,0.81833,-0.16188,0.83418,-0.54046,0.10971,0.0022881,-0.19554,-0.98069
0.64861,0.028445,0.09977,0.55229,0.82056,-0.14717,0.83365,-0.54313,0.10021,0.0022996,-0.17803,-0.98402
0.64694,0.025953,0.10016,0.55259,0.82253,-0.13448,0.83345,-0.5449,0.091895,0.0023088,-0.16286,-0.98665
0.64527,0.023462,0.10054,0.55065,0.82534,-0.12489,0.83474,-0.54403,0.085125,0.0023156,-0.15112,-0.98851
0.6436,0.02097,0.101,0.53937,0.82231,-0.18136,0.842,-0.52932,0.10417,-0.010334,-0.20889,-0.97788
0.64193,0.018478,0.10184,0.50573,0.77227,-0.38449,0.86161,-0.47447,0.1803,-0.043189,-0.42247,-0.90535
0.64026,0.015986,0.10327,0.46235,0.72949,-0.50405,0.88456,-0.41886,0.20519,-0.061441,-0.54074,-0.83894
0.63859,0.013495,0.10539,0.41743,0.6564,-0.6284,0.90428,-0.36822,0.21607,-0.089566,-0.65844,-0.74728
0.63692,0.011003,0.10813,0.42262,0.62417,-0.65712,0.90066,-0.37004,0.22776,-0.101,-0.6881,-0.71856
0.63525,0.0085112,0.11069,0.44039,0.63224,-0.63744,0.8904,-0.39856,0.21985,-0.11506,-0.6644,-0.73847
0.63358,0.0060195,0.11294,0.45217,0.66926,-0.5896,0.88619,-0.41198,0.21199,-0.10103,-0.61835,-0.77938
0.63191,0.0035278,0.11508,0.46702,0.6758,-0.57026,0.87673,-0.43779,0.19921,-0.11503,-0.59299,-0.79695
0.63024,0.001036,0.11696,0.47758,0.70817,-0.52001,0.87276,-0.45047,0.18809,-0.10105,-0.54367,-0.8332
0.62856,-0.0014557,0.11874,0.48765,0.71452,-0.50165,0.86544,-0.47131,0.16996,-0.11499,-0.51703,-0.84821
0.62689,-0.0039474,0.12034,0.49909,0.74116,-0.44898,0.86064,-0.48439,0.15708,-0.10106,-0.4648,-0.87963
0.62522,-0.0064391,0.12181,0.50425,0.74811,-0.43135,0.85587,-0.49944,0.1343,-0.11496,-0.4369,-0.89213
0.62355,-0.0089309,0.12319,0.51695,0.76871,-0.37663,0.85003,-0.51292,0.11983,-0.10107,-0.38209,-0.91858
0.62188,-0.011423,0.12438,0.51896,0.7756,-0.35935,0.84704,-0.52312,0.094188,-0.11493,-0.35326,-0.92844
0.62021,-0.013914,0.12556,0.52502,0.77183,-0.35866,0.8433,-0.52867,0.096763,-0.11493,-0.35326,-0.92844
0.61854,-0.016406,0.12651,0.53329,0.79619,-0.2858,0.83809,-0.54317,0.050662,-0.1149,-0.26654,-0.95695
0.61687,-0.018898,0.12743,0.53463,0.79532,-0.28572,0.83724,-0.54444,0.051117,-0.1149,-0.26654,-0.95695
0.6152,-0.02139,0.12826,0.54428,0.81187,-0.21124,0.831,-0.55626,0.0032396,-0.11488,-0.1773,-0.97743
0.61353,-0.023881,0.12897,0.54306,0.80954,-0.22302,0.82851,-0.55979,-0.014548,-0.13662,-0.17687,-0.97471
0.61186,-0.026373,0.1297,0.54231,0.81004,-0.22301,0.82899,-0.55906,-0.014749,-0.13662,-0.17687,-0.97471
0.61019,-0.028865,0.13025,0.55159,0.82092,-0.14782,0.82286,-0.56455,-0.06473,-0.13659,-0.085928,-0.98689
0.60852,-0.031356,0.13074,0.55124,0.82115,-0.14779,0.82309,-0.5642,-0.064792,-0.13659,-0.085928,-0.98689
0.60685,-0.033848,0.13121,0.55269,0.82721,-0.10128,0.82076,-0.56135,-0.10599,-0.14453,-0.024551,-0.9892
0.60517,-0.03634,0.13147,0.55269,0.82721,-0.10128,0.82076,-0.56135,-0.10599,-0.14453,-0.024551,-0.9892
0.6035,-0.038832,0.13173,0.55597,0.82813,-0.071423,0.81991,-0.56051,-0.11657,-0.13656,0.0062472,-0.99061
0.60183,-0.041323,0.13196,0.55994,0.82798,-0.030402,0.81425,-0.55669,-0.16461,-0.15322,0.067416,-0.98589
0.60016,-0.043815,0.13212,0.55529,0.83113,-0.029465,0.81742,-0.55197,-0.16478,-0.15322,0.067416,-0.98589
0.59849,-0.046307,0.13218,0.55397,0.83253,0.0012217,0.81976,-0.54522,-0.17528,-0.14526,0.098105,-0.98452
0.59682,-0.048799,0.13212,0.55467,0.83041,0.052547,0.81929,-0.53404,-0.20872,-0.14526,0.15882,-0.97656
0.59515,-0.05129,0.13194,0.55707,0.8277,0.067794,0.81453,-0.52864,-0.23892,-0.16192,0.18832,-0.96867
0.59348,-0.053782,0.13175,0.54692,0.83419,0.070753,0.82138,-0.51833,-0.23806,-0.16192,0.18832,-0.96867
0.59181,-0.056274,0.13141,0.55035,0.82472,0.13016,0.82219,-0.50821,-0.25635,-0.14527,0.2481,-0.95778
0.59014,-0.058766,0.131,0.55276,0.8206,0.14516,0.81745,-0.50008,-0.28581,-0.16195,0.27665,-0.94723
0.58847,-0.061257,0.13058,0.5366,0.83026,0.15074,0.82815,-0.48387,-0.28291,-0.16195,0.27665,-0.94723
0.5868,-0.063749,0.12995,0.54496,0.80829,0.2229,0.82266,-0.46409,-0.32841,-0.162,0.36234,-0.91786
0.58513,-0.066241,0.12928,0.54729,0.80697,0.22197,0.82111,-0.46638,-0.32904,-0.162,0.36234,-0.91786
0.58346,-0.068732,0.12865,0.53579,0.80449,0.25637,0.82075,-0.42492,-0.38186,-0.19827,0.41501,-0.88795
0.58178,-0.071224,0.12783,0.53579,0.80449,0.25637,0.82075,-0.42492,-0.38186,-0.19827,0.41501,-0.88795
0.58011,-0.073716,0.12701,0.52716,0.8089,0.26036,0.82631,-0.41647,-0.37916,-0.19827,0.41501,-0.88795
0.57844,-0.076208,0.12611,0.52157,0.78414,0.33628,0.82982,-0.37457,-0.41363,-0.19838,0.49479,-0.84606
0.57677,-0.078699,0.12501,0.52157,0.78414,0.33629,0.82983,-0.37457,-0.41363,-0.19838,0.49479,-0.84606
0.5751,-0.081191,0.12392,0.50385,0.78543,0.35949,0.83585,-0.33834,-0.4323,-0.21791,0.51829,-0.82697
0.57343,-0.083683,0.12264,0.50287,0.75718,0.41689,0.84126,-0.31796,-0.43725,-0.19852,0.57059,-0.79688
0.57176,-0.086175,0.12123,0.5061,0.74813,0.42916,0.83446,-0.29893,-0.46295,-0.21806,0.59241,-0.77557
0.57009,-0.088666,0.11983,0.46708,0.76112,0.45005,0.85691,-0.26411,-0.44267,-0.21806,0.59241,-0.77557
0.56842,-0.091158,0.11808,0.47909,0.72279,0.49805,0.85499,-0.25583,-0.45117,-0.19869,0.64197,-0.74054
0.56675,-0.09365,0.11633,0.46006,0.7179,0.52246,0.86065,-0.21595,-0.46114,-0.21823,0.6618,-0.71721
0.56508,-0.096141,0.11438,0.44981,0.68025,0.57874,0.8707,-0.18971,-0.45375,-0.19887,0.70801,-0.67762
0.56341,-0.098633,0.11221,0.44537,0.6691,0.59494,0.8683,-0.16068,-0.4693,-0.21841,0.7256,-0.65254
0.56174,-0.10112,0.10998,0.41468,0.62896,0.65761,0.88792,-0.12158,-0.44363,-0.19907,0.76787,-0.60889
0.56007,-0.10362,0.10732,0.41653,0.61457,0.66993,0.88245,-0.096116,-0.46049,-0.21861,0.78298,-0.58236
0.55839,-0.10611,0.10463,0.37353,0.56864,0.73289,0.90596,-0.053894,-0.41992,-0.19928,0.82082,-0.53529
0.55672,-0.1086,0.10135,0.36634,0.55243,0.74874,0.90438,-0.022152,-0.42615,-0.21883,0.83327,-0.50772
0.55505,-0.11109,0.097934,0.34764,0.49628,0.79552,0.90875,0.030621,-0.41622,-0.23092,0.86762,-0.44035
0.55338,-0.11358,0.094103,0.36479,0.49769,0.78691,0.89903,0.031605,-0.43675,-0.24224,0.86678,-0.43591
0.55171,-0.11608,0.090483,0.36345,0.52013,0.7729,0.90034,0.017065,-0.43486,-0.23937,0.85392,-0.46208
0.55004,-0.11857,0.086926,0.40618,0.52035,0.75117,0.88189,-0.0078779,-0.4714,-0.23937,0.85392,-0.46208
0.54837,-0.12106,0.083843,0.43132,0.66056,0.61451,0.87532,-0.14137,-0.46242,-0.21858,0.73735,-0.63918
0.5467,-0.12355,0.081442,0.43132,0.66056,0.61451,0.87532,-0.14137,-0.46242,-0.21858,0.73735,-0.63918
0.54503,-0.12604,0.079041,0.44415,0.65841,0.60764,0.86888,-0.15107,-0.4714,-0.21858,0.73735,-0.63918
0.54336,-0.12853,0.07676,0.48503,0.70559,0.51661,0.85002,-0.24159,-0.46809,-0.20547,0.66617,-0.71694
0.54169,-0.13103,0.075012,0.48503,0.70559,0.51661,0.85002,-0.24159,-0.46809,-0.20547,0.66617,-0.71694
0.54002,-0.13352,0.073264,0.48514,0.70556,0.51655,0.84996,-0.24168,-0.46815,-0.20547,0.66617,-0.71694
0.53835,-0.13601,0.071518,0.5002,0.72316,0.47627,0.84585,-0.29037,-0.44746,-0.18529,0.62668,-0.75693
0.53668,-0.1385,0.069976,0.51884,0.75777,0.39572,0.83835,-0.36046,-0.40894,-0.16724,0.54392,-0.8223
0.535,-0.14099,0.068748,0.51295,0.77815,0.36244,0.84316,-0.37747,-0.38287,-0.16112,0.50199,-0.84973
0.53333,-0.14348,0.067525,0.51295,0.77815,0.36244,0.84316,-0.37747,-0.38287,-0.16112,0.50199,-0.84973
0.53166,-0.14598,0.066302,0.51295,0.77815,0.36244,0.84316,-0.37747,-0.38287,-0.16112,0.50199,-0.84973
0.52999,-0.14847,0.065079,0.55024,0.76045,0.34491,0.81931,-0.41198,-0.39874,-0.16112,0.50199,-0.84973
0.52832,-0.15096,0.064221,0.53962,0.79322,0.28215,0.83157,-0.44981,-0.32582,-0.13153,0.41044,-0.90235
0.52665,-0.15345,0.063397,0.53962,0.79322,0.28215,0.83157,-0.44981,-0.32582,-0.13153,0.41044,-0.90235
0.52498,-0.15594,0.062573,0.53962,0.79322,0.28215,0.83157,-0.44981,-0.32582,-0.13153,0.41044,-0.90235
0.52331,-0.15843,0.061749,0.53868,0.79373,0.28251,0.83218,-0.44892,-0.3255,-0.13153,0.41044,-0.90235
0.52164,-0.16093,0.060914,0.5605,0.79145,0.24381,0.82033,-0.49022,-0.29453,-0.11359,0.36509,-0.92402
0.51997,-0.16342,0.060408,0.5514,0.81478,0.17912,0.83045,-0.51567,-0.21079,-0.079382,0.26498,-0.96098
0.5183,-0.16591,0.059922,0.54859,0.82401,0.14163,0.83354,-0.5258,-0.16952,-0.06522,0.21105,-0.9753
0.51663,-0.1684,0.059435,0.54859,0.82401,0.14163,0.83354,-0.5258,-0.16952,-0.06522,0.21105,-0.9753
0.51496,-0.17089,0.058949,0.54859,0.82401,0.14163,0.83354,-0.5258,-0.16952,-0.06522,0.21105,-0.9753
0.51329,-0.17339,0.058462,0.55915,0.81725,0.13946,0.8265,-0.53624,-0.17131,-0.06522,0.21105,-0.9753
0.51161,-0.17588,0.058202,0.55678,0.82766,0.070486,0.83008,-0.55122,-0.084359,-0.030967,0.10548,-0.99394
0.50994,-0.17837,0.058044,0.55596,0.83044,0.035618,0.8311,-0.55468,-0.040171,-0.013603,0.051935,-0.99856
0.50827,-0.18086,0.057884,0.5567,0.82743,0.073742,0.83025,-0.55123,-0.082629,-0.027721,0.10722,-0.99385
0.5066,-0.18335,0.05772,0.55668,0.82745,0.073744,0.83027,-0.55121,-0.082627,-0.027721,0.10722,-0.99385
0.50493,-0.18584,0.057554,0.55651,0.83001,0.037272,0.83076,-0.55526,-0.039076,-0.011738,0.05271,-0.99854
0.50326,-0.18834,0.057441,0.5569,0.83058,-0.00081297,0.83057,-0.5569,0.0034018,0.0023727,-0.0025697,-0.99999
0.50159,-0.19083,0.057444,0.5569,0.83058,-0.00081297,0.83057,-0.5569,0.0034018,0.0023727,-0.0025697,-0.99999
0.49992,-0.19332,0.057446,0.5569,0.83058,-0.00081297,0.83057,-0.5569,0.0034018,0.0023727,-0.0025697,-0.99999
0.49825,-0.19581,0.057449,0.5569,0.83058,-0.00081297,0.83057,-0.5569,0.0034018,0.0023727,-0.0025697,-0.99999
0.49658,-0.1983,0.057451,0.5569,0.83058,-0.00081297,0.83057,-0.5569,0.0034018,0.0023727,-0.0025697,-0.99999
0.49491,-0.20079,0.057454,0.5569,0.83058,-0.00081297,0.83057,-0.5569,0.0034018,0.0023727,-0.0025697,-0.99999
0.49324,-0.20329,0.057456,0.5569,0.83058,-0.00081297,0.83057,-0.5569,0.0034018,0.0023727,-0.0025697,-0.99999
0.49157,-0.20578,0.057459,0.5569,0.83058,-0.00081297,0.83057,-0.5569,0.0034018,0.0023727,-0.0025697,-0.99999
0.4899,-0.20827,0.057461,0.5569,0.83058,-0.00081297,0.83057,-0.5569,0.0034018,0.0023727,-0.0025697,-0.99999
0.48822,-0.21076,0.057463,0.5569,0.83058,-0.00081297,0.83057,-0.5569,0.0034018,0.0023727,-0.0025697,-0.99999
0.48655,-0.21325,0.057466,0.5569,0.83058,-0.00081297,0.83057,-0.5569,0.0034018,0.0023727,-0.0025697,-0.99999
0.48488,-0.21574,0.057468,0.5569,0.83058,-0.00081297,0.83057,-0.5569,0.0034018,0.0023727,-0.0025697,-0.99999
0.48321,-0.21824,0.057471,0.5569,0.83058,-0.00081297,0.83057,-0.5569,0.0034018,0.0023727,-0.0025697,-0.99999
0.48154,-0.22073,0.057473,0.5569,0.83058,-0.00081297,0.83057,-0.5569,0.0034018,0.0023727,-0.0025697,-0.99999
0.47987,-0.22322,0.057476,0.5569,0.83058,-0.00081297,0.83057,-0.5569,0.0034018,0.0023727,-0.0025697,-0.99999
0.4782,-0.22571,0.057478,0.5569,0.83058,-0.00081297,0.83057,-0.5569,0.0034018,0.0023727,-0.0025697,-0.99999
0.47653,-0.2282,0.057481,0.5569,0.83058,-0.00081297,0.83057,-0.5569,0.0034018,0.0023727,-0.0025697,-0.99999
0.47486,-0.2307,0.057483,0.5569,0.83058,-0.00081297,0.83057,-0.5569,0.0034018,0.0023727,-0.0025697,-0.99999
0.47319,-0.23319,0.057485,0.5569,0.83058,-0.00081297,0.83057,-0.5569,0.0034018,0.0023727,-0.0025697,-0.99999
0.47152,-0.23568,0.057488,0.5569,0.83058,-0.00081297,0.83057,-0.5569,0.0034018,0.0023727,-0.0025697,-0.99999
0.46985,-0.23817,0.05749,0.5569,0.83058,-0.00081297,0.83057,-0.5569,0.0034018,0.0023727,-0.0025697,-0.99999
0.46818,-0.24066,0.057493,0.5569,0.83058,-0.00081297,0.83057,-0.5569,0.0034018,0.0023727,-0.0025697,-0.99999
0.46651,-0.24315,0.057495,0.5569,0.83058,-0.00081297,0.83057,-0.5569,0.0034018,0.0023727,-0.0025697,-0.99999
0.46484,-0.24565,0.057498,0.5569,0.83058,-0.00081297,0.83057,-0.5569,0.0034018,0.0023727,-0.0025697,-0.99999
0.46316,-0.24814,0.0575,0.5569,0.83058,-0.00081297,0.83057,-0.5569,0.0034018,0.0023727,-0.0025697,-0.99999
0.46149,-0.25063,0.057502,0.5569,0.83058,-0.00081297,0.83057,-0.5569,0.0034018,0.0023727,-0.0025697,-0.99999
0.45982,-0.25312,0.057505,0.5569,0.83058,-0.00081296,0.83057,-0.5569,0.0034018,0.0023727,-0.0025697,-0.99999
0.45815,-0.25561,0.057506,0.5569,0.83058,-5.2888e-05,0.83057,-0.5569,0.0045359,0.003738,-0.00257,-0.99999
0.45648,-0.2581,0.057506,0.5569,0.83058,-5.2888e-05,0.83057,-0.5569,0.0045359,0.003738,-0.00257,-0.99999
0.45481,-0.2606,0.057505,0.5569,0.83058,-5.2888e-05,0.83057,-0.5569,0.0045359,0.003738,-0.00257,-0.99999
0.45314,-0.26309,0.057505,0.55692,0.83057,-5.2822e-05,0.83056,-0.55691,0.0045359,0.003738,-0.00257,-0.99999
0.45147,-0.26558,0.057494,0.55691,0.83057,0.0019403,0.83054,-0.55691,0.0075096,0.0073178,-0.0025707,-0.99997
