438.7,-193.3,101.13,-0.45542,-0.84184,-0.28966,-0.8864,0.45909,0.059431,0.082946,0.28382,-0.95528
440.13,-190.67,102.03,-0.45839,-0.84774,-0.26686,-0.88579,0.46027,0.059396,0.072477,0.26361,-0.9619
441.55,-188.04,102.86,-0.45839,-0.84774,-0.26686,-0.88579,0.46027,0.059396,0.072477,0.26361,-0.9619
442.98,-185.4,103.68,-0.45839,-0.84774,-0.26686,-0.88579,0.46027,0.059396,0.072477,0.26361,-0.9619
444.4,-182.77,104.51,-0.45839,-0.84774,-0.26686,-0.88579,0.46027,0.059396,0.072477,0.26361,-0.9619
445.83,-180.13,105.34,-0.45839,-0.84774,-0.26686,-0.88579,0.46027,0.059396,0.072477,0.26361,-0.9619
447.25,-177.5,106.17,-0.45839,-0.84774,-0.26686,-0.88579,0.46027,0.059396,0.072477,0.26361,-0.9619
448.67,-174.86,107,-0.45886,-0.8475,-0.26683,-0.88555,0.46072,0.059537,0.072477,0.26361,-0.9619
450.1,-172.23,107.8,-0.46352,-0.85712,-0.2247,-0.88385,0.46525,0.048518,0.062956,0.22109,-0.97322
451.52,-169.6,108.49,-0.4642,-0.85848,-0.21802,-0.88409,0.46408,0.055005,0.05396,0.21829,-0.97439
452.95,-166.96,109.16,-0.4642,-0.85848,-0.21802,-0.88409,0.46408,0.055005,0.05396,0.21829,-0.97439
454.37,-164.33,109.83,-0.4642,-0.85848,-0.21802,-0.88409,0.46408,0.055005,0.05396,0.21829,-0.97439
455.8,-161.69,110.5,-0.4642,-0.85848,-0.21802,-0.88409,0.46408,0.055005,0.05396,0.21829,-0.97439
457.22,-159.06,111.17,-0.4642,-0.85848,-0.21802,-0.88409,0.46408,0.055005,0.05396,0.21829,-0.97439
458.65,-156.42,111.84,-0.46516,-0.85797,-0.21797,-0.88358,0.46501,0.055241,0.05396,0.21829,-0.97439
460.07,-153.79,112.45,-0.46724,-0.8641,-0.18713,-0.88341,0.46485,0.059256,0.035785,0.193,-0.98055
461.49,-151.16,113.02,-0.46724,-0.8641,-0.18713,-0.88341,0.46485,0.059256,0.035785,0.193,-0.98055
462.92,-148.52,113.59,-0.46724,-0.8641,-0.18713,-0.88341,0.46485,0.059256,0.035785,0.193,-0.98055
464.34,-145.89,114.16,-0.46776,-0.86383,-0.1871,-0.88313,0.46535,0.059366,0.035785,0.193,-0.98055
465.77,-143.25,114.7,-0.4681,-0.8657,-0.17732,-0.88361,0.46101,0.081923,0.010826,0.19503,-0.98074
467.19,-140.62,115.24,-0.4681,-0.8657,-0.17732,-0.88361,0.46101,0.081923,0.010826,0.19503,-0.98074
468.62,-137.98,115.78,-0.4681,-0.8657,-0.17732,-0.88361,0.46101,0.081923,0.010826,0.19503,-0.98074
470.04,-135.35,116.32,-0.46893,-0.86527,-0.17725,-0.88317,0.46182,0.08209,0.010826,0.19503,-0.98074
471.47,-132.72,116.82,-0.47079,-0.87066,-0.14249,-0.88219,0.46283,0.086714,-0.0095472,0.16653,-0.98599
472.89,-130.08,117.25,-0.47116,-0.87047,-0.14246,-0.882,0.4632,0.086774,-0.0095472,0.16653,-0.98599
474.31,-127.45,117.67,-0.47152,-0.87201,-0.1314,-0.88183,0.465,0.07848,-0.0073331,0.15288,-0.98822
475.74,-124.81,118.07,-0.47152,-0.87201,-0.1314,-0.88183,0.465,0.07848,-0.0073331,0.15288,-0.98822
477.16,-122.18,118.46,-0.47152,-0.87201,-0.1314,-0.88183,0.465,0.07848,-0.0073331,0.15288,-0.98822
478.59,-119.54,118.86,-0.47152,-0.87201,-0.1314,-0.88183,0.465,0.07848,-0.0073331,0.15288,-0.98822
480.01,-116.91,119.26,-0.47152,-0.87201,-0.1314,-0.88183,0.465,0.07848,-0.0073331,0.15288,-0.98822
481.44,-114.28,119.65,-0.47288,-0.87129,-0.13128,-0.88109,0.46635,0.078684,-0.0073331,0.15288,-0.98822
482.86,-111.64,119.99,-0.47288,-0.87453,-0.10763,-0.88071,0.46534,0.08841,-0.027232,0.1366,-0.99025
484.29,-109.01,120.31,-0.47288,-0.87453,-0.10763,-0.88071,0.46534,0.08841,-0.027232,0.1366,-0.99025
485.71,-106.37,120.64,-0.47394,-0.87397,-0.10753,-0.88014,0.46639,0.088539,-0.027232,0.1366,-0.99025
487.13,-103.74,120.92,-0.47398,-0.87657,-0.083461,-0.88012,0.46871,0.07554,-0.027097,0.10926,-0.99364
488.56,-101.1,121.17,-0.47398,-0.87657,-0.083461,-0.88012,0.46871,0.07554,-0.027097,0.10926,-0.99364
489.98,-98.469,121.42,-0.47398,-0.87657,-0.083461,-0.88012,0.46871,0.07554,-0.027097,0.10926,-0.99364
491.41,-95.835,121.67,-0.47398,-0.87657,-0.083461,-0.88012,0.46871,0.07554,-0.027097,0.10926,-0.99364
492.83,-93.201,121.93,-0.47591,-0.87554,-0.083296,-0.87908,0.47063,0.075722,-0.027097,0.10926,-0.99364
494.26,-90.566,122.09,-0.47525,-0.87892,-0.040418,-0.87712,0.46966,0.10041,-0.069274,0.083173,-0.99412
495.68,-87.932,122.21,-0.47615,-0.87844,-0.040315,-0.87663,0.47056,0.10046,-0.069274,0.083173,-0.99412
497.11,-85.298,122.3,-0.47544,-0.87927,-0.028973,-0.87654,0.47064,0.10084,-0.075032,0.073341,-0.99448
498.53,-82.663,122.39,-0.47622,-0.87885,-0.028884,-0.87612,0.47143,0.10087,-0.075032,0.073341,-0.99448
499.95,-80.029,122.45,-0.47557,-0.8795,-0.017539,-0.87653,0.47209,0.094002,-0.074395,0.060078,-0.99542
501.38,-77.395,122.5,-0.47557,-0.8795,-0.017539,-0.87653,0.47209,0.094002,-0.074395,0.060078,-0.99542
502.8,-74.761,122.55,-0.47557,-0.8795,-0.017539,-0.87653,0.47209,0.094002,-0.074395,0.060078,-0.99542
504.23,-72.126,122.61,-0.47559,-0.87949,-0.017537,-0.87652,0.4721,0.094002,-0.074395,0.060078,-0.99542
505.65,-69.492,122.66,-0.47544,-0.87927,0.029117,-0.87434,0.47592,0.094996,-0.097385,0.019707,-0.99505
507.08,-66.858,122.57,-0.47544,-0.87927,0.029117,-0.87434,0.47592,0.094996,-0.097385,0.019707,-0.99505
508.5,-64.223,122.48,-0.47544,-0.87927,0.029117,-0.87434,0.47592,0.094996,-0.097385,0.019707,-0.99505
509.93,-61.589,122.4,-0.47544,-0.87927,0.029117,-0.87434,0.47592,0.094996,-0.097385,0.019707,-0.99505
511.35,-58.955,122.31,-0.47544,-0.87927,0.029117,-0.87434,0.47592,0.094996,-0.097385,0.019707,-0.99505
512.77,-56.32,122.22,-0.47544,-0.87927,0.029117,-0.87434,0.47592,0.094996,-0.097385,0.019707,-0.99505
514.2,-53.686,122.13,-0.47569,-0.87913,0.029144,-0.87421,0.47617,0.094988,-0.097385,0.019707,-0.99505
515.62,-51.052,122.04,-0.47843,-0.87705,0.043491,-0.87054,0.48021,0.10749,-0.11516,0.013564,-0.99325
517.05,-48.417,121.81,-0.47394,-0.8765,0.08445,-0.87406,0.47991,0.075534,-0.10673,-0.038016,-0.99356
518.47,-45.783,121.55,-0.47394,-0.8765,0.08445,-0.87406,0.47991,0.075534,-0.10673,-0.038016,-0.99356
519.9,-43.149,121.3,-0.47394,-0.8765,0.08445,-0.87406,0.47991,0.075534,-0.10673,-0.038016,-0.99356
521.32,-40.515,121.04,-0.47394,-0.8765,0.08445,-0.87406,0.47991,0.075534,-0.10673,-0.038016,-0.99356
522.75,-37.88,120.79,-0.47394,-0.8765,0.08445,-0.87406,0.47991,0.075534,-0.10673,-0.038016,-0.99356
524.17,-35.246,120.54,-0.47394,-0.8765,0.08445,-0.87406,0.47991,0.075534,-0.10673,-0.038016,-0.99356
525.59,-32.612,120.28,-0.47428,-0.87631,0.084479,-0.87388,0.48024,0.075502,-0.10673,-0.038016,-0.99356
527.02,-29.977,120.01,-0.47272,-0.87424,0.11062,-0.87444,0.48091,0.063898,-0.10906,-0.066523,-0.99181
528.44,-27.343,119.68,-0.47272,-0.87424,0.11062,-0.87444,0.48091,0.063898,-0.10906,-0.066523,-0.99181
529.87,-24.709,119.35,-0.47272,-0.87424,0.11062,-0.87444,0.48091,0.063898,-0.10906,-0.066523,-0.99181
531.29,-22.074,119.01,-0.47272,-0.87424,0.11062,-0.87444,0.48091,0.063898,-0.10906,-0.066523,-0.99181
532.72,-19.44,118.68,-0.47309,-0.87404,0.11065,-0.87424,0.48128,0.063852,-0.10906,-0.066523,-0.99181
534.14,-16.806,118.33,-0.47141,-0.87181,0.13313,-0.87068,0.48409,0.087047,-0.14033,-0.074876,-0.98727
535.57,-14.171,117.93,-0.47141,-0.87181,0.13313,-0.87068,0.48409,0.087047,-0.14033,-0.074876,-0.98727
536.99,-11.537,117.52,-0.47141,-0.87181,0.13313,-0.87068,0.48409,0.087047,-0.14033,-0.074876,-0.98727
538.41,-8.9028,117.12,-0.47143,-0.8718,0.13313,-0.87067,0.48411,0.087044,-0.14033,-0.074876,-0.98727
539.84,-6.2685,116.72,-0.4686,-0.86662,0.17139,-0.87209,0.48476,0.066755,-0.14094,-0.11819,-0.98294
541.26,-3.6342,116.2,-0.4686,-0.86662,0.17139,-0.87209,0.48476,0.066755,-0.14094,-0.11819,-0.98294
542.69,-0.9999,115.68,-0.4686,-0.86662,0.17139,-0.87209,0.48476,0.066755,-0.14094,-0.11819,-0.98294
544.11,1.6344,115.16,-0.4686,-0.86662,0.17139,-0.87209,0.48476,0.066755,-0.14094,-0.11819,-0.98294
545.54,4.2687,114.63,-0.4686,-0.86662,0.17139,-0.87209,0.48476,0.066755,-0.14094,-0.11819,-0.98294
546.96,6.903,114.11,-0.4686,-0.86662,0.17139,-0.87209,0.48476,0.066755,-0.14094,-0.11819,-0.98294
548.39,9.5373,113.59,-0.4686,-0.86662,0.17139,-0.87209,0.48476,0.066755,-0.14094,-0.11819,-0.98294
549.81,12.172,113.07,-0.4686,-0.86662,0.17139,-0.87209,0.48476,0.066755,-0.14094,-0.11819,-0.98294
551.23,14.806,112.55,-0.4692,-0.86629,0.17144,-0.87177,0.48536,0.066637,-0.14094,-0.11819,-0.98294
552.66,17.44,112,-0.46616,-0.8621,0.19868,-0.86698,0.48988,0.091493,-0.17621,-0.1296,-0.97578
554.08,20.075,111.39,-0.46888,-0.86056,0.19897,-0.86551,0.49258,0.090869,-0.17621,-0.1296,-0.97578
555.51,22.709,110.68,-0.4622,-0.85477,0.23608,-0.869,0.48962,0.071437,-0.17665,-0.17214,-0.9691
556.93,25.343,109.95,-0.4622,-0.85477,0.23608,-0.869,0.48962,0.071437,-0.17665,-0.17214,-0.9691
558.36,27.977,109.22,-0.4622,-0.85477,0.23608,-0.869,0.48962,0.071437,-0.17665,-0.17214,-0.9691
559.78,30.612,108.5,-0.4622,-0.85477,0.23608,-0.869,0.48962,0.071437,-0.17665,-0.17214,-0.9691
561.21,33.246,107.77,-0.4622,-0.85477,0.23608,-0.869,0.48962,0.071437,-0.17665,-0.17214,-0.9691
562.63,35.88,107.04,-0.4622,-0.85477,0.23608,-0.869,0.48962,0.071437,-0.17665,-0.17214,-0.9691
564.05,38.515,106.31,-0.46335,-0.85412,0.23618,-0.86839,0.49075,0.071124,-0.17665,-0.17214,-0.9691
565.48,41.149,105.53,-0.45935,-0.84951,0.2595,-0.86581,0.49347,0.082846,-0.19843,-0.18662,-0.96218
566.9,43.783,104.72,-0.46133,-0.84837,0.25969,-0.86475,0.49542,0.082251,-0.19843,-0.18662,-0.96218
568.33,46.418,103.83,-0.45474,-0.84099,0.29316,-0.86895,0.49112,0.060985,-0.19527,-0.22701,-0.95412
569.75,49.052,102.91,-0.45475,-0.84099,0.29316,-0.86895,0.49113,0.060984,-0.19527,-0.22701,-0.95412
571.18,51.686,102,-0.45468,-0.84088,0.29358,-0.86913,0.49093,0.060061,-0.19463,-0.22785,-0.95404
572.6,54.321,101.08,-0.45468,-0.84088,0.29358,-0.86913,0.49093,0.060061,-0.19463,-0.22785,-0.95404
574.03,56.955,100.16,-0.45468,-0.84088,0.29358,-0.86913,0.49093,0.060061,-0.19463,-0.22785,-0.95404
575.45,59.589,99.236,-0.45468,-0.84088,0.29358,-0.86913,0.49093,0.060061,-0.19463,-0.22785,-0.95404
576.87,62.224,98.316,-0.45468,-0.84088,0.29358,-0.86913,0.49093,0.060061,-0.19463,-0.22785,-0.95404
578.3,64.858,97.396,-0.45623,-0.84,0.29369,-0.86831,0.49243,0.059536,-0.19463,-0.22785,-0.95404
579.72,67.492,96.383,-0.44817,-0.82884,0.33492,-0.87491,0.48359,0.025983,-0.1835,-0.28138,-0.94189
581.15,70.126,95.318,-0.44817,-0.82884,0.33492,-0.87491,0.48359,0.025983,-0.1835,-0.28138,-0.94189
582.57,72.761,94.254,-0.44817,-0.82884,0.33492,-0.87491,0.48359,0.025983,-0.1835,-0.28138,-0.94189
584,75.395,93.189,-0.44817,-0.82884,0.33492,-0.87491,0.48359,0.025983,-0.1835,-0.28138,-0.94189
585.42,78.029,92.125,-0.44817,-0.82884,0.33492,-0.87491,0.48359,0.025983,-0.1835,-0.28138,-0.94189
586.85,80.664,91.06,-0.4486,-0.8286,0.33494,-0.87469,0.48399,0.025818,-0.1835,-0.28138,-0.94189
588.27,83.298,89.935,-0.44501,-0.82299,0.35306,-0.87221,0.4877,0.037469,-0.20302,-0.29127,-0.93485
589.69,85.932,88.805,-0.44501,-0.82299,0.35306,-0.87221,0.4877,0.037469,-0.20302,-0.29127,-0.93485
591.12,88.567,87.675,-0.44501,-0.82299,0.35306,-0.87221,0.4877,0.037469,-0.20302,-0.29127,-0.93485
592.54,91.201,86.545,-0.44505,-0.82297,0.35306,-0.87219,0.48773,0.037454,-0.20302,-0.29127,-0.93485
593.97,93.835,85.411,-0.43814,-0.81029,0.38918,-0.87866,0.47742,0.0047944,-0.18969,-0.33986,-0.92115
595.39,96.47,84.146,-0.43814,-0.81029,0.38918,-0.87866,0.47742,0.0047944,-0.18969,-0.33986,-0.92115
596.82,99.104,82.88,-0.43814,-0.81029,0.38918,-0.87866,0.47742,0.0047944,-0.18969,-0.33986,-0.92115
598.24,101.74,81.615,-0.43814,-0.81029,0.38918,-0.87866,0.47742,0.0047944,-0.18969,-0.33986,-0.92115
599.67,104.37,80.35,-0.43814,-0.81029,0.38918,-0.87866,0.47742,0.0047944,-0.18969,-0.33986,-0.92115
442.96,-1.0459,120.03,-0.68693,0.71256,-0.14281,0.72316,0.68967,-0.037301,0.071912,-0.1289,-0.98905
445.04,-3.1987,120.46,-0.68845,0.7111,-0.14273,0.72171,0.69118,-0.037603,0.071912,-0.1289,-0.98905
447.11,-5.3516,120.72,-0.69147,0.71728,-0.085916,0.72129,0.6921,-0.027118,0.040011,-0.080722,-0.99593
449.19,-7.5045,120.98,-0.69147,0.71728,-0.085916,0.72129,0.6921,-0.027118,0.040011,-0.080722,-0.99593
451.26,-9.6573,121.24,-0.69147,0.71728,-0.085916,0.72129,0.6921,-0.027118,0.040011,-0.080722,-0.99593
453.34,-11.81,121.5,-0.69147,0.71728,-0.085916,0.72129,0.6921,-0.027118,0.040011,-0.080722,-0.99593
455.42,-13.963,121.75,-0.69147,0.71728,-0.085916,0.72129,0.6921,-0.027118,0.040011,-0.080722,-0.99593
457.49,-16.116,122.01,-0.6916,0.71715,-0.085911,0.72117,0.69222,-0.027133,0.040011,-0.080722,-0.99593
459.57,-18.269,122.25,-0.69206,0.71789,-0.075397,0.72154,0.69101,-0.043531,0.02085,-0.084527,-0.9962
461.64,-20.422,122.48,-0.69206,0.71789,-0.075397,0.72154,0.69101,-0.043531,0.02085,-0.084527,-0.9962
463.72,-22.575,122.7,-0.69206,0.71789,-0.075397,0.72154,0.69101,-0.043531,0.02085,-0.084527,-0.9962
465.79,-24.727,122.93,-0.69206,0.71789,-0.075397,0.72154,0.69101,-0.043531,0.02085,-0.084527,-0.9962
467.87,-26.88,123.15,-0.69356,0.71645,-0.075306,0.7201,0.6925,-0.043687,0.02085,-0.084527,-0.9962
469.94,-29.033,123.24,-0.69383,0.71972,-0.024776,0.71999,0.69256,-0.044434,-0.014821,-0.048668,-0.99871
472.02,-31.186,123.31,-0.69383,0.71972,-0.024776,0.71999,0.69256,-0.044434,-0.014821,-0.048668,-0.99871
474.09,-33.339,123.39,-0.69383,0.71972,-0.024776,0.71999,0.69256,-0.044434,-0.014821,-0.048668,-0.99871
476.17,-35.492,123.46,-0.69383,0.71972,-0.024776,0.71999,0.69256,-0.044434,-0.014821,-0.048668,-0.99871
478.24,-37.645,123.53,-0.69383,0.71972,-0.024776,0.71999,0.69256,-0.044434,-0.014821,-0.048668,-0.99871
480.32,-39.798,123.61,-0.69383,0.71972,-0.024776,0.71999,0.69256,-0.044434,-0.014821,-0.048668,-0.99871
482.4,-41.95,123.68,-0.69408,0.71948,-0.02476,0.71975,0.69281,-0.044442,-0.014821,-0.048668,-0.99871
484.47,-44.103,123.73,-0.69397,0.71987,-0.013743,0.71999,0.69374,-0.018345,-0.003672,-0.022625,-0.99974
486.55,-46.256,123.77,-0.69414,0.71971,-0.013738,0.71983,0.69391,-0.018348,-0.003672,-0.022625,-0.99974
488.62,-48.409,123.78,-0.69394,0.71983,0.017044,0.71964,0.69415,-0.016721,-0.023868,0.00066213,-0.99971
490.7,-50.562,123.73,-0.69394,0.71983,0.017044,0.71964,0.69415,-0.016721,-0.023868,0.00066213,-0.99971
492.77,-52.715,123.67,-0.6936,0.71948,0.035685,0.7171,0.69432,-0.060815,-0.068532,-0.016591,-0.99751
494.85,-54.868,123.57,-0.6936,0.71948,0.035685,0.7171,0.69432,-0.060815,-0.068532,-0.016591,-0.99751
496.92,-57.02,123.46,-0.6936,0.71948,0.035685,0.7171,0.69432,-0.060815,-0.068532,-0.016591,-0.99751
499,-59.173,123.35,-0.6936,0.71948,0.035685,0.7171,0.69432,-0.060815,-0.068532,-0.016591,-0.99751
501.07,-61.326,123.25,-0.69531,0.71781,0.035831,0.71543,0.69604,-0.060729,-0.068532,-0.016591,-0.99751
503.15,-63.479,123.02,-0.69171,0.71752,0.081907,0.71558,0.69626,-0.056244,-0.097385,0.019707,-0.99505
505.23,-65.632,122.78,-0.69171,0.71752,0.081907,0.71558,0.69626,-0.056244,-0.097385,0.019707,-0.99505
507.3,-67.785,122.53,-0.69171,0.71752,0.081907,0.71558,0.69626,-0.056244,-0.097385,0.019707,-0.99505
509.38,-69.938,122.29,-0.69171,0.71752,0.081907,0.71558,0.69626,-0.056244,-0.097385,0.019707,-0.99505
511.45,-72.091,122.04,-0.69184,0.71739,0.081917,0.71545,0.69639,-0.056229,-0.097385,0.019707,-0.99505
513.53,-74.243,121.78,-0.69091,0.71669,0.094892,0.71911,0.6948,-0.01181,-0.074395,0.060078,-0.99542
515.6,-76.396,121.5,-0.69091,0.71669,0.094892,0.71911,0.6948,-0.01181,-0.074395,0.060078,-0.99542
517.68,-78.549,121.21,-0.69091,0.71669,0.094892,0.71911,0.6948,-0.01181,-0.074395,0.060078,-0.99542
519.75,-80.702,120.93,-0.69098,0.71662,0.094893,0.71903,0.69488,-0.0118,-0.074395,0.060078,-0.99542
521.83,-82.855,120.62,-0.69022,0.71595,0.10488,0.71969,0.69428,-0.0030974,-0.075032,0.073341,-0.99448
523.9,-85.008,120.28,-0.68524,0.71081,0.15875,0.71637,0.69711,-0.02915,-0.13139,0.093753,-0.98689
525.98,-87.161,119.8,-0.68524,0.71081,0.15875,0.71637,0.69711,-0.02915,-0.13139,0.093753,-0.98689
528.06,-89.314,119.32,-0.68524,0.71081,0.15875,0.71637,0.69711,-0.02915,-0.13139,0.093753,-0.98689
530.13,-91.466,118.84,-0.68524,0.71081,0.15875,0.71637,0.69711,-0.02915,-0.13139,0.093753,-0.98689
532.21,-93.619,118.36,-0.68524,0.71081,0.15875,0.71637,0.69711,-0.02915,-0.13139,0.093753,-0.98689
534.28,-95.772,117.88,-0.68524,0.71081,0.15875,0.71637,0.69711,-0.02915,-0.13139,0.093753,-0.98689
536.36,-97.925,117.4,-0.68525,0.71079,0.15876,0.71636,0.69712,-0.029147,-0.13139,0.093753,-0.98689
538.43,-100.08,116.92,-0.68514,0.71071,0.15961,0.71573,0.69756,-0.03372,-0.1353,0.091138,-0.9866
540.51,-102.23,116.43,-0.68514,0.71071,0.15961,0.71573,0.69756,-0.03372,-0.1353,0.091138,-0.9866
542.58,-104.38,115.95,-0.68514,0.71071,0.15961,0.71573,0.69756,-0.03372,-0.1353,0.091138,-0.9866
544.66,-106.54,115.47,-0.68514,0.71071,0.15961,0.71573,0.69756,-0.03372,-0.1353,0.091138,-0.9866
546.73,-108.69,114.98,-0.68514,0.71071,0.15961,0.71573,0.69756,-0.03372,-0.1353,0.091138,-0.9866
548.81,-110.84,114.5,-0.68544,0.71041,0.15963,0.71544,0.69786,-0.033652,-0.1353,0.091138,-0.9866
550.88,-113,113.98,-0.68303,0.70852,0.17742,0.71273,0.69964,-0.050112,-0.15964,0.092225,-0.98286
552.96,-115.15,113.44,-0.68478,0.70679,0.17754,0.71105,0.70138,-0.049676,-0.15964,0.092225,-0.98286
555.04,-117.3,112.75,-0.67598,0.70121,0.22663,0.71405,0.69928,-0.033791,-0.18217,0.13898,-0.97339
557.11,-119.45,112.05,-0.67598,0.70121,0.22663,0.71405,0.69928,-0.033791,-0.18217,0.13898,-0.97339
559.19,-121.61,111.36,-0.67598,0.70121,0.22663,0.71405,0.69928,-0.033791,-0.18217,0.13898,-0.97339
561.26,-123.76,110.66,-0.67601,0.70123,0.22648,0.71397,0.69934,-0.034226,-0.18238,0.13856,-0.97342
563.34,-125.91,109.97,-0.67601,0.70123,0.22648,0.71397,0.69934,-0.034226,-0.18238,0.13856,-0.97342
565.41,-128.07,109.27,-0.67601,0.70123,0.22648,0.71397,0.69934,-0.034226,-0.18238,0.13856,-0.97342
567.49,-130.22,108.57,-0.67601,0.70123,0.22648,0.71397,0.69934,-0.034226,-0.18238,0.13856,-0.97342
569.56,-132.37,107.88,-0.67601,0.70123,0.22648,0.71397,0.69934,-0.034226,-0.18238,0.13856,-0.97342
571.64,-134.52,107.18,-0.67648,0.70076,0.2265,0.71352,0.69981,-0.034075,-0.18238,0.13856,-0.97342
573.71,-136.68,106.43,-0.66978,0.69477,0.26207,0.71624,0.6976,-0.018899,-0.19595,0.17505,-0.96486
575.79,-138.83,105.62,-0.66978,0.69477,0.26207,0.71624,0.6976,-0.018899,-0.19595,0.17505,-0.96486
577.87,-140.98,104.8,-0.66978,0.69477,0.26207,0.71624,0.6976,-0.018899,-0.19595,0.17505,-0.96486
579.94,-143.14,103.99,-0.66978,0.69477,0.26207,0.71624,0.6976,-0.018899,-0.19595,0.17505,-0.96486
460.17,-272.74,68.159,-0.2259,-0.85584,-0.46531,-0.97415,0.19778,0.10916,-0.0013931,0.47794,-0.87839
460.94,-269.84,69.736,-0.22623,-0.85577,-0.46527,-0.97407,0.19807,0.10932,-0.0013931,0.47794,-0.87839
461.7,-266.94,71.302,-0.22702,-0.86007,-0.45688,-0.97369,0.20998,0.088524,0.019798,0.46495,-0.88511
462.47,-264.04,72.842,-0.22702,-0.86007,-0.45688,-0.97369,0.20998,0.088524,0.019798,0.46495,-0.88511
463.23,-261.14,74.383,-0.22702,-0.86007,-0.45688,-0.97369,0.20998,0.088524,0.019798,0.46495,-0.88511
464,-258.24,75.923,-0.22702,-0.86007,-0.45688,-0.97369,0.20998,0.088524,0.019798,0.46495,-0.88511
464.76,-255.34,77.464,-0.22851,-0.85975,-0.45674,-0.97334,0.2113,0.089223,0.019798,0.46495,-0.88511
465.53,-252.44,78.946,-0.23064,-0.87381,-0.4281,-0.97269,0.21888,0.077272,0.026182,0.43422,-0.90042
466.3,-249.54,80.367,-0.23243,-0.8734,-0.42795,-0.97226,0.22049,0.078059,0.026182,0.43422,-0.90042
467.06,-246.64,81.71,-0.23469,-0.88915,-0.39285,-0.97207,0.21586,0.092144,0.0028726,0.4035,-0.91497
467.83,-243.74,82.991,-0.23469,-0.88915,-0.39285,-0.97207,0.21586,0.092144,0.0028726,0.4035,-0.91497
468.59,-240.84,84.272,-0.23469,-0.88915,-0.39285,-0.97207,0.21586,0.092144,0.0028726,0.4035,-0.91497
469.36,-237.94,85.553,-0.23469,-0.88915,-0.39285,-0.97207,0.21586,0.092144,0.0028726,0.4035,-0.91497
470.12,-235.04,86.835,-0.23469,-0.88915,-0.39285,-0.97207,0.21586,0.092144,0.0028726,0.4035,-0.91497
470.89,-232.14,88.116,-0.23469,-0.88915,-0.39285,-0.97207,0.21586,0.092144,0.0028726,0.4035,-0.91497
471.65,-229.24,89.397,-0.23607,-0.88884,-0.39272,-0.97173,0.21713,0.092703,0.0028726,0.4035,-0.91497
472.42,-226.34,90.629,-0.23709,-0.89825,-0.37004,-0.97129,0.22693,0.071464,0.019781,0.37636,-0.92626
473.18,-223.44,91.823,-0.23956,-0.89767,-0.36986,-0.97068,0.22921,0.072402,0.019781,0.37636,-0.92626
473.95,-220.54,92.905,-0.24099,-0.91301,-0.32916,-0.97051,0.22856,0.076578,0.0053157,0.33791,-0.94116
474.72,-217.64,93.95,-0.24099,-0.91301,-0.32916,-0.97051,0.22856,0.076578,0.0053157,0.33791,-0.94116
475.48,-214.74,94.996,-0.24145,-0.9129,-0.32912,-0.9704,0.22899,0.076735,0.0053157,0.33791,-0.94116
476.25,-211.84,96.022,-0.24167,-0.91559,-0.32138,-0.97029,0.22421,0.090882,-0.011156,0.33379,-0.94258
477.01,-208.94,97.04,-0.24167,-0.91559,-0.32138,-0.97029,0.22421,0.090882,-0.011156,0.33379,-0.94258
477.78,-206.04,98.057,-0.24167,-0.91559,-0.32138,-0.97029,0.22421,0.090882,-0.011156,0.33379,-0.94258
478.54,-203.14,99.075,-0.24167,-0.91559,-0.32138,-0.97029,0.22421,0.090882,-0.011156,0.33379,-0.94258
479.31,-200.24,100.09,-0.2421,-0.91549,-0.32134,-0.97019,0.22461,0.091023,-0.011156,0.33379,-0.94258
480.07,-197.34,101.1,-0.2451,-0.9286,-0.27861,-0.96928,0.22858,0.090846,-0.020674,0.29232,-0.9561
480.84,-194.44,101.97,-0.2451,-0.9286,-0.27861,-0.96928,0.22858,0.090846,-0.020674,0.29232,-0.9561
481.6,-191.54,102.84,-0.2451,-0.9286,-0.27861,-0.96928,0.22858,0.090846,-0.020674,0.29232,-0.9561
482.37,-188.64,103.71,-0.2451,-0.9286,-0.27861,-0.96928,0.22858,0.090846,-0.020674,0.29232,-0.9561
483.14,-185.74,104.58,-0.2451,-0.9286,-0.27861,-0.96928,0.22858,0.090846,-0.020674,0.29232,-0.9561
483.9,-182.84,105.45,-0.2451,-0.9286,-0.27861,-0.96928,0.22858,0.090846,-0.020674,0.29232,-0.9561
484.67,-179.94,106.32,-0.24791,-0.92794,-0.27835,-0.96856,0.23127,0.091652,-0.020674,0.29232,-0.9561
485.43,-177.04,107.09,-0.24995,-0.93927,-0.23516,-0.9672,0.23086,0.10593,-0.045211,0.25392,-0.96617
486.2,-174.14,107.76,-0.24917,-0.94402,-0.21619,-0.9682,0.23764,0.078214,-0.022459,0.2288,-0.97321
486.96,-171.24,108.42,-0.24917,-0.94402,-0.21619,-0.9682,0.23764,0.078214,-0.022459,0.2288,-0.97321
487.73,-168.34,109.08,-0.24917,-0.94402,-0.21619,-0.9682,0.23764,0.078214,-0.022459,0.2288,-0.97321
488.49,-165.44,109.75,-0.24917,-0.94402,-0.21619,-0.9682,0.23764,0.078214,-0.022459,0.2288,-0.97321
489.26,-162.54,110.41,-0.24917,-0.94402,-0.21619,-0.9682,0.23764,0.078214,-0.022459,0.2288,-0.97321
490.02,-159.64,111.08,-0.24917,-0.94402,-0.21619,-0.9682,0.23764,0.078214,-0.022459,0.2288,-0.97321
490.79,-156.74,111.74,-0.24917,-0.94402,-0.21619,-0.9682,0.23764,0.078214,-0.022459,0.2288,-0.97321
491.56,-153.84,112.41,-0.24917,-0.94402,-0.21619,-0.9682,0.23764,0.078214,-0.022459,0.2288,-0.97321
492.32,-150.94,113.07,-0.25125,-0.94351,-0.21602,-0.96766,0.23967,0.078678,-0.022459,0.2288,-0.97321
493.09,-148.04,113.65,-0.25146,-0.95267,-0.17085,-0.96609,0.23636,0.10393,-0.058633,0.19119,-0.9798
493.85,-145.14,114.17,-0.25173,-0.9526,-0.17082,-0.96602,0.23663,0.10398,-0.058633,0.19119,-0.9798
494.62,-142.24,114.68,-0.25204,-0.95487,-0.15717,-0.96619,0.23918,0.09625,-0.054315,0.17611,-0.98287
495.38,-139.34,115.16,-0.25204,-0.95487,-0.15717,-0.96619,0.23918,0.09625,-0.054315,0.17611,-0.98287
496.15,-136.44,115.64,-0.25204,-0.95487,-0.15717,-0.96619,0.23918,0.09625,-0.054315,0.17611,-0.98287
496.91,-133.54,116.11,-0.25204,-0.95487,-0.15717,-0.96619,0.23918,0.09625,-0.054315,0.17611,-0.98287
497.68,-130.64,116.59,-0.25217,-0.95484,-0.15715,-0.96616,0.23931,0.096271,-0.054315,0.17611,-0.98287
498.44,-127.74,117.06,-0.25297,-0.95841,-0.13209,-0.96546,0.24128,0.09834,-0.062381,0.1524,-0.98635
499.21,-124.84,117.46,-0.25297,-0.95841,-0.13209,-0.96546,0.24128,0.09834,-0.062381,0.1524,-0.98635
499.98,-121.94,117.86,-0.25297,-0.95841,-0.13209,-0.96546,0.24128,0.09834,-0.062381,0.1524,-0.98635
500.74,-119.04,118.26,-0.25297,-0.95841,-0.13209,-0.96546,0.24128,0.09834,-0.062381,0.1524,-0.98635
501.51,-116.14,118.66,-0.25297,-0.95841,-0.13209,-0.96546,0.24128,0.09834,-0.062381,0.1524,-0.98635
502.27,-113.24,119.06,-0.25297,-0.95841,-0.13209,-0.96546,0.24128,0.09834,-0.062381,0.1524,-0.98635
503.04,-110.34,119.46,-0.2537,-0.95823,-0.13201,-0.96527,0.242,0.098439,-0.062381,0.1524,-0.98635
503.8,-107.44,119.84,-0.25358,-0.9607,-0.11292,-0.96365,0.24073,0.11592,-0.084184,0.13821,-0.98682
504.57,-104.54,120.18,-0.25839,-0.95949,-0.11234,-0.96237,0.24552,0.11648,-0.084184,0.13821,-0.98682
505.33,-101.64,120.39,-0.2547,-0.96497,-0.062985,-0.96454,0.24884,0.088031,-0.069274,0.083173,-0.99412
506.1,-98.744,120.58,-0.2547,-0.96497,-0.062985,-0.96454,0.24884,0.088031,-0.069274,0.083173,-0.99412
506.86,-95.844,120.77,-0.25513,-0.96485,-0.062946,-0.96442,0.24927,0.08806,-0.069274,0.083173,-0.99412
507.63,-92.944,120.94,-0.25486,-0.96558,-0.051981,-0.96406,0.24956,0.091141,-0.075032,0.073341,-0.99448
508.4,-90.044,121.1,-0.25486,-0.96558,-0.051981,-0.96406,0.24956,0.091141,-0.075032,0.073341,-0.99448
509.16,-87.144,121.26,-0.25486,-0.96558,-0.051981,-0.96406,0.24956,0.091141,-0.075032,0.073341,-0.99448
509.93,-84.244,121.41,-0.2549,-0.96557,-0.051977,-0.96405,0.24959,0.091143,-0.075032,0.073341,-0.99448
510.69,-81.344,121.57,-0.25501,-0.96614,-0.039252,-0.96407,0.25092,0.087197,-0.074395,0.060078,-0.99542
511.46,-78.444,121.68,-0.25501,-0.96614,-0.039252,-0.96407,0.25092,0.087197,-0.074395,0.060078,-0.99542
512.22,-75.544,121.8,-0.2562,-0.96583,-0.039144,-0.96376,0.25212,0.087245,-0.074395,0.060078,-0.99542
512.99,-72.644,121.88,-0.2552,-0.96687,0.0058279,-0.96197,0.25451,0.099187,-0.097385,0.019707,-0.99505
513.75,-69.744,121.86,-0.2552,-0.96687,0.0058279,-0.96197,0.25451,0.099187,-0.097385,0.019707,-0.99505
514.52,-66.844,121.84,-0.2552,-0.96687,0.0058279,-0.96197,0.25451,0.099187,-0.097385,0.019707,-0.99505
515.28,-63.944,121.83,-0.2552,-0.96687,0.0058279,-0.96197,0.25451,0.099187,-0.097385,0.019707,-0.99505
516.05,-61.044,121.81,-0.2552,-0.96687,0.0058279,-0.96197,0.25451,0.099187,-0.097385,0.019707,-0.99505
516.82,-58.144,121.79,-0.2558,-0.96671,0.0058889,-0.96181,0.2551,0.099184,-0.097385,0.019707,-0.99505
517.58,-55.244,121.75,-0.25517,-0.96676,0.016382,-0.96001,0.25534,0.11479,-0.11516,0.013564,-0.99325
518.35,-52.344,121.71,-0.25735,-0.96617,0.016643,-0.95943,0.25753,0.11475,-0.11516,0.013564,-0.99325
519.11,-49.444,121.6,-0.25483,-0.96541,0.055241,-0.95988,0.25946,0.10635,-0.11701,-0.025923,-0.99279
519.88,-46.544,121.43,-0.25468,-0.96489,0.064278,-0.96112,0.2599,0.093303,-0.10673,-0.038016,-0.99356
520.64,-43.644,121.24,-0.25468,-0.96489,0.064278,-0.96112,0.2599,0.093303,-0.10673,-0.038016,-0.99356
521.41,-40.744,121.04,-0.25468,-0.96489,0.064278,-0.96112,0.2599,0.093303,-0.10673,-0.038016,-0.99356
522.17,-37.844,120.85,-0.25468,-0.96489,0.064278,-0.96112,0.2599,0.093303,-0.10673,-0.038016,-0.99356
522.94,-34.944,120.66,-0.25468,-0.96489,0.064278,-0.96112,0.2599,0.093303,-0.10673,-0.038016,-0.99356
523.7,-32.044,120.46,-0.25566,-0.96462,0.064372,-0.96086,0.26088,0.093238,-0.10673,-0.038016,-0.99356
524.47,-29.144,120.24,-0.25411,-0.96274,0.092516,-0.96101,0.26212,0.088093,-0.10906,-0.066523,-0.99181
525.24,-26.244,119.96,-0.25411,-0.96274,0.092516,-0.96101,0.26212,0.088093,-0.10906,-0.066523,-0.99181
526,-23.344,119.68,-0.25411,-0.96274,0.092516,-0.96101,0.26212,0.088093,-0.10906,-0.066523,-0.99181
526.77,-20.444,119.4,-0.25411,-0.96274,0.092516,-0.96101,0.26212,0.088093,-0.10906,-0.066523,-0.99181
527.53,-17.544,119.12,-0.25411,-0.96274,0.092516,-0.96101,0.26212,0.088093,-0.10906,-0.066523,-0.99181
528.3,-14.644,118.85,-0.25411,-0.96274,0.092516,-0.96101,0.26212,0.088093,-0.10906,-0.066523,-0.99181
529.06,-11.744,118.57,-0.25411,-0.96274,0.092516,-0.96101,0.26212,0.088093,-0.10906,-0.066523,-0.99181
529.83,-8.844,118.29,-0.25426,-0.9627,0.09253,-0.96097,0.26227,0.088078,-0.10906,-0.066523,-0.99181
530.59,-5.944,118,-0.25208,-0.95504,0.15607,-0.95888,0.26825,0.09271,-0.13041,-0.12629,-0.98338
531.36,-3.0441,117.53,-0.25208,-0.95504,0.15607,-0.95888,0.26825,0.09271,-0.13041,-0.12629,-0.98338
532.12,-0.14407,117.06,-0.25208,-0.95504,0.15607,-0.95888,0.26825,0.09271,-0.13041,-0.12629,-0.98338
532.89,2.7559,116.58,-0.25208,-0.95504,0.15607,-0.95888,0.26825,0.09271,-0.13041,-0.12629,-0.98338
533.65,5.6559,116.11,-0.25208,-0.95504,0.15607,-0.95888,0.26825,0.09271,-0.13041,-0.12629,-0.98338
534.42,8.5559,115.63,-0.25208,-0.95504,0.15607,-0.95888,0.26825,0.09271,-0.13041,-0.12629,-0.98338
535.19,11.456,115.16,-0.25208,-0.95504,0.15607,-0.95888,0.26825,0.09271,-0.13041,-0.12629,-0.98338
535.95,14.356,114.69,-0.25208,-0.95504,0.15607,-0.95888,0.26825,0.09271,-0.13041,-0.12629,-0.98338
536.72,17.256,114.21,-0.25413,-0.95446,0.15627,-0.95834,0.27029,0.092377,-0.13041,-0.12629,-0.98338
537.48,20.156,113.67,-0.24957,-0.94553,0.20903,-0.96057,0.26905,0.070125,-0.12254,-0.18329,-0.97539
538.25,23.056,113.03,-0.24957,-0.94553,0.20903,-0.96057,0.26905,0.070125,-0.12254,-0.18329,-0.97539
539.01,25.956,112.39,-0.24957,-0.94553,0.20903,-0.96057,0.26905,0.070125,-0.12254,-0.18329,-0.97539
539.78,28.856,111.75,-0.24957,-0.94553,0.20903,-0.96057,0.26905,0.070125,-0.12254,-0.18329,-0.97539
540.54,31.756,111.1,-0.24958,-0.94552,0.20903,-0.96057,0.26906,0.070122,-0.12254,-0.18329,-0.97539
541.31,34.656,110.46,-0.24896,-0.94322,0.21989,-0.95911,0.27167,0.079434,-0.13466,-0.19112,-0.97228
542.07,37.556,109.79,-0.24896,-0.94322,0.21989,-0.95911,0.27167,0.079434,-0.13466,-0.19112,-0.97228
542.84,40.456,109.11,-0.24896,-0.94322,0.21989,-0.95911,0.27167,0.079434,-0.13466,-0.19112,-0.97228
543.61,43.356,108.43,-0.24896,-0.94322,0.21989,-0.95911,0.27167,0.079434,-0.13466,-0.19112,-0.97228
544.37,46.256,107.76,-0.25138,-0.94253,0.22009,-0.95847,0.27405,0.078879,-0.13466,-0.19112,-0.97228
545.14,49.156,106.98,-0.24604,-0.93213,0.2657,-0.9588,0.27423,0.07422,-0.14204,-0.23649,-0.9612
545.9,52.056,106.16,-0.24604,-0.93213,0.2657,-0.9588,0.27423,0.07422,-0.14204,-0.23649,-0.9612
546.67,54.956,105.33,-0.24684,-0.9319,0.26576,-0.95859,0.27501,0.073999,-0.14204,-0.23649,-0.9612
547.43,57.856,104.47,-0.24435,-0.92575,0.28857,-0.96104,0.27085,0.055132,-0.1292,-0.26385,-0.95587
548.2,60.756,103.56,-0.24435,-0.92575,0.28857,-0.96104,0.27085,0.055132,-0.1292,-0.26385,-0.95587
548.96,63.656,102.66,-0.24435,-0.92575,0.28857,-0.96104,0.27085,0.055132,-0.1292,-0.26385,-0.95587
549.73,66.556,101.76,-0.24435,-0.92575,0.28857,-0.96104,0.27085,0.055132,-0.1292,-0.26385,-0.95587
550.49,69.456,100.85,-0.24445,-0.92573,0.28857,-0.96102,0.27094,0.055103,-0.1292,-0.26385,-0.95587
551.26,72.356,99.943,-0.24415,-0.92499,0.29119,-0.96091,0.27118,0.05574,-0.13052,-0.2662,-0.95504
552.03,75.256,99.031,-0.24415,-0.92499,0.29119,-0.96091,0.27118,0.05574,-0.13052,-0.2662,-0.95504
552.79,78.156,98.118,-0.24755,-0.92402,0.29138,-0.96004,0.27445,0.054709,-0.13052,-0.2662,-0.95504
553.56,81.055,97.002,-0.2385,-0.90359,0.35587,-0.96247,0.26879,0.037454,-0.1295,-0.33358,-0.93378
554.32,83.955,95.86,-0.23851,-0.90359,0.35587,-0.96247,0.2688,0.037452,-0.1295,-0.33358,-0.93378
555.09,86.855,94.717,-0.23826,-0.90266,0.35838,-0.95982,0.27517,0.054971,-0.14824,-0.33088,-0.93196
555.85,89.755,93.566,-0.23826,-0.90266,0.35838,-0.95982,0.27517,0.054971,-0.14824,-0.33088,-0.93196
556.62,92.655,92.414,-0.23826,-0.90266,0.35838,-0.95982,0.27517,0.054971,-0.14824,-0.33088,-0.93196
557.38,95.555,91.263,-0.23826,-0.90266,0.35838,-0.95982,0.27517,0.054971,-0.14824,-0.33088,-0.93196
558.15,98.455,90.112,-0.23826,-0.90266,0.35838,-0.95982,0.27517,0.054971,-0.14824,-0.33088,-0.93196
558.91,101.36,88.96,-0.23882,-0.9025,0.35841,-0.95968,0.2757,0.054761,-0.14824,-0.33088,-0.93196
559.68,104.26,87.775,-0.23669,-0.89305,0.38267,-0.95823,0.27965,0.059929,-0.16053,-0.3525,-0.92194
560.45,107.16,86.481,-0.23154,-0.87722,0.42055,-0.96407,0.26477,0.021488,-0.1302,-0.40047,-0.90701
561.21,110.06,85.091,-0.23154,-0.87722,0.42055,-0.96407,0.26477,0.021488,-0.1302,-0.40047,-0.90701
561.98,112.96,83.701,-0.23154,-0.87722,0.42055,-0.96407,0.26477,0.021488,-0.1302,-0.40047,-0.90701
562.74,115.86,82.31,-0.23154,-0.87722,0.42055,-0.96407,0.26477,0.021488,-0.1302,-0.40047,-0.90701
563.51,118.76,80.92,-0.23162,-0.8772,0.42056,-0.96405,0.26484,0.021454,-0.1302,-0.40047,-0.90701
564.27,121.66,79.517,-0.23004,-0.87151,0.43307,-0.96328,0.26722,0.026077,-0.13845,-0.41117,-0.90098
565.04,124.56,78.076,-0.23004,-0.87151,0.43307,-0.96328,0.26722,0.026077,-0.13845,-0.41117,-0.90098
565.8,127.46,76.635,-0.23004,-0.87151,0.43307,-0.96328,0.26722,0.026077,-0.13845,-0.41117,-0.90098
428.37,147.46,72.589,-0.68959,0.61088,-0.38898,0.72319,0.60924,-0.3253,0.038263,-0.50563,-0.8619
430.62,145.47,73.855,-0.68959,0.61088,-0.38898,0.72319,0.60924,-0.3253,0.038263,-0.50563,-0.8619
432.86,143.48,75.122,-0.68959,0.61088,-0.38898,0.72319,0.60924,-0.3253,0.038263,-0.50563,-0.8619
435.11,141.49,76.388,-0.68959,0.61088,-0.38898,0.72319,0.60924,-0.3253,0.038263,-0.50563,-0.8619
437.36,139.5,77.655,-0.69517,0.60613,-0.38644,0.71782,0.61396,-0.32831,0.038263,-0.50563,-0.8619
439.6,137.51,78.845,-0.70827,0.62743,-0.32356,0.70593,0.63208,-0.31958,0.0040058,-0.45476,-0.8906
441.85,135.52,79.871,-0.70827,0.62743,-0.32356,0.70593,0.63208,-0.31958,0.0040058,-0.45476,-0.8906
444.09,133.53,80.897,-0.70827,0.62743,-0.32356,0.70593,0.63208,-0.31958,0.0040058,-0.45476,-0.8906
446.34,131.54,81.922,-0.70827,0.62743,-0.32356,0.70593,0.63208,-0.31958,0.0040058,-0.45476,-0.8906
448.58,129.55,82.948,-0.70827,0.62743,-0.32356,0.70593,0.63208,-0.31958,0.0040058,-0.45476,-0.8906
450.83,127.56,83.974,-0.70827,0.62743,-0.32356,0.70593,0.63208,-0.31958,0.0040058,-0.45476,-0.8906
453.07,125.57,85,-0.70833,0.62737,-0.32354,0.70587,0.63214,-0.31961,0.0040058,-0.45476,-0.8906
455.32,123.58,86.025,-0.7084,0.62755,-0.32303,0.70526,0.64742,-0.28888,0.027851,-0.43247,-0.90122
457.57,121.6,87.049,-0.7084,0.62755,-0.32303,0.70526,0.64742,-0.28888,0.027851,-0.43247,-0.90122
459.81,119.61,88.073,-0.7084,0.62755,-0.32303,0.70526,0.64742,-0.28888,0.027851,-0.43247,-0.90122
462.06,117.62,89.097,-0.7084,0.62755,-0.32303,0.70526,0.64742,-0.28888,0.027851,-0.43247,-0.90122
464.3,115.63,90.121,-0.7084,0.62755,-0.32303,0.70526,0.64742,-0.28888,0.027851,-0.43247,-0.90122
466.55,113.64,91.145,-0.70994,0.62614,-0.3224,0.70371,0.64879,-0.28959,0.027851,-0.43247,-0.90122
468.79,111.65,92.145,-0.72981,0.63884,-0.24344,0.68361,0.68601,-0.24914,0.0078395,-0.34825,-0.93737
471.04,109.66,92.829,-0.73015,0.64681,-0.22026,0.68272,0.67757,-0.27348,-0.027647,-0.35005,-0.93632
473.28,107.67,93.507,-0.73015,0.64681,-0.22026,0.68272,0.67757,-0.27348,-0.027647,-0.35005,-0.93632
475.53,105.68,94.184,-0.73038,0.64659,-0.22017,0.68248,0.67778,-0.27355,-0.027647,-0.35005,-0.93632
477.78,103.69,94.858,-0.73036,0.64699,-0.21905,0.68102,0.66489,-0.30681,-0.052855,-0.37326,-0.92622
480.02,101.7,95.531,-0.73036,0.64699,-0.21905,0.68102,0.66489,-0.30681,-0.052855,-0.37326,-0.92622
482.27,99.714,96.205,-0.73036,0.64699,-0.21905,0.68102,0.66489,-0.30681,-0.052855,-0.37326,-0.92622
484.51,97.724,96.878,-0.73036,0.64699,-0.21905,0.68102,0.66489,-0.30681,-0.052855,-0.37326,-0.92622
486.76,95.735,97.552,-0.73036,0.64699,-0.21905,0.68102,0.66489,-0.30681,-0.052855,-0.37326,-0.92622
489,93.746,98.225,-0.73036,0.64699,-0.21905,0.68102,0.66489,-0.30681,-0.052855,-0.37326,-0.92622
491.25,91.757,98.899,-0.73036,0.64699,-0.21905,0.68102,0.66489,-0.30681,-0.052855,-0.37326,-0.92622
493.5,89.767,99.572,-0.73036,0.64699,-0.21905,0.68102,0.66489,-0.30681,-0.052855,-0.37326,-0.92622
495.74,87.778,100.25,-0.73036,0.64699,-0.21905,0.68102,0.66489,-0.30681,-0.052855,-0.37326,-0.92622
497.99,85.789,100.92,-0.73036,0.64699,-0.21905,0.68102,0.66489,-0.30681,-0.052855,-0.37326,-0.92622
500.23,83.799,101.59,-0.73035,0.647,-0.21905,0.68102,0.66489,-0.3068,-0.052855,-0.37326,-0.92622
502.48,81.81,102.27,-0.73094,0.64586,-0.22041,0.68068,0.66683,-0.30334,-0.048941,-0.37176,-0.92704
504.72,79.821,102.93,-0.74465,0.64716,-0.16334,0.66119,0.68178,-0.31306,-0.091239,-0.34111,-0.93558
506.97,77.832,103.34,-0.7437,0.65881,-0.11345,0.66197,0.70206,-0.26249,-0.093279,-0.27032,-0.95824
509.21,75.842,103.69,-0.7437,0.65881,-0.11345,0.66197,0.70206,-0.26249,-0.093279,-0.27032,-0.95824
511.46,73.853,104.03,-0.7437,0.65881,-0.11345,0.66197,0.70206,-0.26249,-0.093279,-0.27032,-0.95824
513.71,71.864,104.37,-0.7437,0.65881,-0.11345,0.66197,0.70206,-0.26249,-0.093279,-0.27032,-0.95824
515.95,69.875,104.71,-0.7437,0.65881,-0.11345,0.66197,0.70206,-0.26249,-0.093279,-0.27032,-0.95824
518.2,67.885,105.06,-0.7437,0.65881,-0.11345,0.66197,0.70206,-0.26249,-0.093279,-0.27032,-0.95824
520.44,65.896,105.4,-0.7437,0.65881,-0.11345,0.66197,0.70206,-0.26249,-0.093279,-0.27032,-0.95824
522.69,63.907,105.74,-0.7437,0.65881,-0.11345,0.66197,0.70206,-0.26249,-0.093279,-0.27032,-0.95824
524.93,61.918,106.08,-0.7437,0.65881,-0.11345,0.66197,0.70206,-0.26249,-0.093279,-0.27032,-0.95824
527.18,59.928,106.43,-0.7437,0.65881,-0.11345,0.66197,0.70206,-0.26249,-0.093279,-0.27032,-0.95824
529.42,57.939,106.77,-0.7437,0.65881,-0.11345,0.66197,0.70206,-0.26249,-0.093279,-0.27032,-0.95824
531.67,55.95,107.11,-0.74844,0.65375,-0.11156,0.6566,0.70678,-0.2633,-0.093279,-0.27032,-0.95824
533.92,53.961,107.37,-0.74604,0.66088,-0.081591,0.65325,0.70258,-0.28223,-0.1292,-0.26385,-0.95587
536.16,51.971,107.62,-0.75137,0.6551,-0.079273,0.64711,0.70797,-0.28289,-0.1292,-0.26385,-0.95587
538.41,49.982,107.78,-0.74755,0.66214,-0.052437,0.64884,0.71109,-0.27084,-0.14204,-0.23649,-0.9612
540.65,47.993,107.93,-0.74827,0.66286,-0.026662,0.64958,0.72394,-0.23227,-0.13466,-0.19112,-0.97228
542.9,46.004,108.01,-0.74827,0.66286,-0.026662,0.64958,0.72394,-0.23227,-0.13466,-0.19112,-0.97228
545.14,44.014,108.09,-0.74827,0.66286,-0.026662,0.64958,0.72394,-0.23227,-0.13466,-0.19112,-0.97228
547.39,42.025,108.17,-0.74827,0.66286,-0.026662,0.64958,0.72394,-0.23227,-0.13466,-0.19112,-0.97228
549.63,40.036,108.25,-0.74827,0.66286,-0.026662,0.64958,0.72394,-0.23227,-0.13466,-0.19112,-0.97228
551.88,38.047,108.33,-0.74827,0.66286,-0.026662,0.64958,0.72394,-0.23227,-0.13466,-0.19112,-0.97228
554.13,36.057,108.41,-0.74827,0.66286,-0.026662,0.64958,0.72394,-0.23227,-0.13466,-0.19112,-0.97228
556.37,34.068,108.49,-0.75452,0.65583,-0.024415,0.64232,0.73032,-0.23252,-0.13466,-0.19112,-0.97228
558.62,32.079,108.45,-0.7484,0.66298,0.018661,0.63928,0.72858,-0.24595,-0.17665,-0.17214,-0.9691
560.86,30.09,108.39,-0.7484,0.66298,0.018661,0.63928,0.72858,-0.24595,-0.17665,-0.17214,-0.9691
563.11,28.1,108.34,-0.7484,0.66298,0.018661,0.63928,0.72858,-0.24595,-0.17665,-0.17214,-0.9691
565.35,26.111,108.28,-0.7484,0.66298,0.018661,0.63928,0.72858,-0.24595,-0.17665,-0.17214,-0.9691
567.6,24.122,108.22,-0.7484,0.66298,0.018661,0.63928,0.72858,-0.24595,-0.17665,-0.17214,-0.9691
569.84,22.133,108.17,-0.7484,0.66298,0.018661,0.63928,0.72858,-0.24595,-0.17665,-0.17214,-0.9691
572.09,20.143,108.11,-0.75187,0.659,0.02,0.6352,0.73218,-0.24584,-0.17665,-0.17214,-0.9691
574.34,18.154,107.99,-0.74933,0.66049,0.047589,0.63833,0.73957,-0.21349,-0.17621,-0.1296,-0.97578
576.58,16.165,107.81,-0.74553,0.66043,0.089529,0.63244,0.74342,-0.21759,-0.21026,-0.1056,-0.97193
578.83,14.176,107.54,-0.74553,0.66043,0.089529,0.63244,0.74342,-0.21759,-0.21026,-0.1056,-0.97193
581.07,12.186,107.27,-0.74618,0.65967,0.089754,0.63167,0.7441,-0.2175,-0.21026,-0.1056,-0.97193
583.32,10.197,106.99,-0.74492,0.6599,0.098101,0.62634,0.7424,-0.23779,-0.22975,-0.11569,-0.96635
585.56,8.208,106.69,-0.74492,0.6599,0.098101,0.62634,0.7424,-0.23779,-0.22975,-0.11569,-0.96635
587.81,6.2187,106.4,-0.74492,0.6599,0.098101,0.62634,0.7424,-0.23779,-0.22975,-0.11569,-0.96635
590.05,4.2295,106.1,-0.74492,0.6599,0.098101,0.62634,0.7424,-0.23779,-0.22975,-0.11569,-0.96635
592.3,2.2402,105.81,-0.74492,0.6599,0.098101,0.62634,0.7424,-0.23779,-0.22975,-0.11569,-0.96635
594.55,0.25096,105.51,-0.74492,0.6599,0.098101,0.62634,0.7424,-0.23779,-0.22975,-0.11569,-0.96635
596.79,-1.7383,105.21,-0.74982,0.65405,0.099964,0.62048,0.74755,-0.23701,-0.22975,-0.11569,-0.96635
599.04,-3.7275,104.82,-0.74106,0.65647,0.141,0.61782,0.7489,-0.23968,-0.26294,-0.090506,-0.96056
601.28,-5.7168,104.39,-0.74106,0.65647,0.141,0.61782,0.7489,-0.23968,-0.26294,-0.090506,-0.96056
603.53,-7.706,103.96,-0.74332,0.65372,0.14188,0.61509,0.75131,-0.23916,-0.26294,-0.090506,-0.96056
605.77,-9.6953,103.49,-0.73929,0.6549,0.15669,0.61886,0.7525,-0.22527,-0.26544,-0.069571,-0.96161
608.02,-11.685,103.01,-0.73929,0.6549,0.15669,0.61886,0.7525,-0.22527,-0.26544,-0.069571,-0.96161
