394.57,-58.904,164.64,-0.95464,-0.25239,-0.15802,-0.27635,0.94857,0.15443,0.10438,0.18936,-0.97634
399.32,-57.653,165.42,-0.95635,-0.2528,-0.14662,-0.27459,0.94904,0.15471,0.10438,0.18936,-0.97634
404.07,-56.392,166.15,-0.96293,-0.25435,-0.089844,-0.26503,0.95411,0.1394,0.057351,0.15991,-0.98546
408.83,-55.132,166.6,-0.96293,-0.25435,-0.089844,-0.26503,0.95411,0.1394,0.057351,0.15991,-0.98546
413.58,-53.882,167.04,-0.96293,-0.25435,-0.089844,-0.26503,0.95411,0.1394,0.057351,0.15991,-0.98546
418.34,-52.622,167.49,-0.96678,-0.25513,-0.015646,-0.25386,0.95117,0.17559,0.034599,0.19035,-0.9811
423.09,-51.373,167.56,-0.96691,-0.25512,-0.0016238,-0.25391,0.96166,0.10366,-0.030784,0.099081,-0.9946
427.84,-50.114,167.57,-0.96691,-0.25512,-0.0016238,-0.25391,0.96166,0.10366,-0.030784,0.099081,-0.9946
432.6,-48.865,167.58,-0.96634,-0.25485,0.035104,-0.25011,0.96265,0.10364,-0.030784,0.099081,-0.9946
437.35,-47.606,167.41,-0.96529,-0.2545,0.058712,-0.24925,0.96477,0.084179,-0.072262,0.068152,-0.99505
442.11,-46.358,167.12,-0.96528,-0.2545,0.058722,-0.24925,0.96477,0.084179,-0.072262,0.068152,-0.99505
446.86,-45.099,166.82,-0.96404,-0.25411,0.077768,-0.24412,0.96245,0.11873,-0.092412,0.098784,-0.99081
451.62,-43.851,166.44,-0.96045,-0.25304,0.11618,-0.24238,0.96518,0.098455,-0.13173,0.067805,-0.98896
456.37,-42.594,165.87,-0.95946,-0.25275,0.12474,-0.24153,0.9654,0.098357,-0.13173,0.067805,-0.98896
461.12,-41.336,165.25,-0.95701,-0.25204,0.14351,-0.249,0.96772,0.039144,-0.13174,0.0062008,-0.99126
465.89,-40.089,164.54,-0.94883,-0.24973,0.19325,-0.2441,0.96831,0.052799,-0.18813,0.0061281,-0.98213
470.64,-38.833,163.56,-0.94883,-0.24973,0.19325,-0.2441,0.96831,0.052799,-0.18813,0.0061281,-0.98213
475.4,-37.586,162.59,-0.94883,-0.24973,0.19325,-0.24901,0.96809,0.028395,-0.20616,-0.024339,-0.97821
480.15,-36.33,161.63,-0.94019,-0.24731,0.23426,-0.24774,0.96842,0.028118,-0.20616,-0.024339,-0.97821
484.91,-35.084,160.44,-0.93904,-0.247,0.23914,-0.23852,0.96901,0.064277,-0.23709,0.0060824,-0.97146
489.67,-33.828,159.23,-0.93904,-0.247,0.23914,-0.24485,0.96877,0.03916,-0.25003,-0.024066,-0.96794
494.42,-32.582,158.01,-0.92864,-0.24413,0.27931,-0.24315,0.96921,0.038711,-0.25003,-0.024066,-0.96794
499.19,-31.327,156.59,-0.92399,-0.24285,0.2954,-0.25762,0.96618,-0.011525,-0.27029,-0.083511,-0.95915
503.94,-30.081,155.07,-0.92399,-0.24285,0.2954,-0.25762,0.96618,-0.011525,-0.27029,-0.083511,-0.95915
508.69,-28.826,153.55,-0.92399,-0.24285,0.2954,-0.25762,0.96618,-0.011525,-0.27029,-0.083511,-0.95915
513.46,-27.581,152.03,-0.92399,-0.24285,0.29539,-0.26504,0.96353,-0.03691,-0.27764,-0.11291,-0.95402
518.21,-26.326,150.51,-0.92399,-0.24285,0.29539,-0.26504,0.96353,-0.03691,-0.27764,-0.11291,-0.95402
522.98,-25.071,148.98,-0.92242,-0.24242,0.30063,-0.26522,0.96348,-0.036852,-0.27764,-0.11291,-0.95402
527.73,-23.826,147.43,-0.91707,-0.24095,0.31768,-0.28257,0.95488,-0.091476,-0.27378,-0.17168,-0.94634
532.48,-22.571,145.78,-0.91707,-0.24095,0.31768,-0.28257,0.95488,-0.091476,-0.27378,-0.17168,-0.94634
537.25,-21.326,144.14,-0.92093,-0.24201,0.30548,-0.28147,0.95517,-0.091847,-0.27378,-0.17168,-0.94634
542,-20.071,142.56,-0.92448,-0.24298,0.29378,-0.28886,0.94933,-0.12379,-0.25784,-0.20166,-0.94491
546.77,-18.826,141.04,-0.92448,-0.24298,0.29378,-0.28886,0.94933,-0.12379,-0.25784,-0.20166,-0.94491
551.52,-17.571,139.53,-0.92037,-0.24186,0.30729,-0.2905,0.94891,-0.12324,-0.25784,-0.20166,-0.94491
556.27,-16.326,137.95,-0.92535,-0.24322,0.29081,-0.31047,0.92639,-0.21311,-0.22708,-0.28998,-0.9297
561.04,-15.071,136.45,-0.92535,-0.24322,0.29081,-0.30491,0.93331,-0.18962,-0.21696,-0.26194,-0.94038
565.79,-13.826,134.96,-0.92758,-0.24384,0.28308,-0.30345,0.9337,-0.19007,-0.21696,-0.26194,-0.94038
570.56,-12.571,133.5,-0.93069,-0.24469,0.27195,-0.30837,0.92467,-0.22334,-0.1975,-0.29189,-0.93583
575.31,-11.325,132.11,-0.92502,-0.24313,0.29191,-0.32515,0.90408,-0.27734,-0.18818,-0.34926,-0.91793
580.06,-10.07,130.61,-0.92597,-0.24339,0.2887,-0.32426,0.90432,-0.2776,-0.18818,-0.34926,-0.91793
584.83,-8.8148,129.13,-0.93235,-0.24515,0.26573,-0.32363,0.89356,-0.31115,-0.17013,-0.37844,-0.90986
589.58,-7.5692,127.78,-0.93153,-0.24493,0.2688,-0.32458,0.89331,-0.31087,-0.17013,-0.37844,-0.90986
594.34,-6.3137,126.39,-0.92345,-0.2427,0.29723,-0.34413,0.86649,-0.36164,-0.16151,-0.43406,-0.88629
599.1,-5.0686,124.87,-0.93015,-0.24454,0.27388,-0.33564,0.86871,-0.36427,-0.16151,-0.43406,-0.88629
603.86,-3.8132,123.47,-0.93053,-0.24465,0.27252,-0.34002,0.85356,-0.39473,-0.14485,-0.46227,-0.87483
608.61,-2.5678,122.07,-0.92836,-0.24405,0.28035,-0.34309,0.85276,-0.3938,-0.14485,-0.46227,-0.87483
613.37,-1.3125,120.64,-0.92805,-0.24397,0.28143,-0.3515,0.82357,-0.44516,-0.13691,-0.51562,-0.84582
618.13,-0.067149,119.19,-0.93045,-0.24463,0.27279,-0.34854,0.82059,-0.45295,-0.11499,-0.51703,-0.84821
622.89,1.1883,117.8,-0.93045,-0.24463,0.2728,-0.34854,0.82059,-0.45294,-0.11499,-0.51703,-0.84821
627.65,2.4337,116.4,-0.9244,-0.24296,0.29402,-0.36236,0.80007,-0.47811,-0.10104,-0.54366,-0.8332
632.4,3.6888,114.89,-0.91936,-0.24158,0.3105,-0.37666,0.7684,-0.51739,-0.11503,-0.593,-0.79694
637.16,4.9437,113.29,-0.91936,-0.24158,0.31051,-0.38029,0.7479,-0.54409,-0.10102,-0.61835,-0.77938
641.92,6.1886,111.67,-0.92,-0.24176,0.30848,-0.37917,0.74819,-0.54447,-0.10102,-0.61835,-0.77938
646.68,7.4435,110.08,-0.91751,-0.24107,0.31631,-0.39112,0.69108,-0.60781,-0.074072,-0.68192,-0.72767
651.44,8.6884,108.44,-0.91751,-0.24107,0.31631,-0.39112,0.69108,-0.60781,-0.074072,-0.68192,-0.72767
656.19,9.9432,106.8,-0.92124,-0.2421,0.30447,-0.38381,0.69296,-0.61032,-0.074072,-0.68192,-0.72767
660.95,11.188,105.23,-0.9356,-0.24605,0.25318,-0.35185,0.70897,-0.61119,-0.066283,-0.67018,-0.73924
665.71,12.444,103.94,-0.94727,-0.2493,0.2013,-0.31896,0.79346,-0.51835,-0.048658,-0.5599,-0.82713
670.46,13.69,102.93,-0.95669,-0.25196,0.14585,-0.29036,0.862,-0.41553,-0.035564,-0.44365,-0.89549
675.23,14.947,102.2,-0.96249,-0.25364,0.096327,-0.27117,0.88752,-0.37252,-0.024561,-0.39327,-0.91909
679.98,16.195,101.73,-0.96444,-0.25424,0.072294,-0.2643,0.93049,-0.25367,-0.013371,-0.26653,-0.96373
684.73,17.453,101.37,-0.96612,-0.25477,0.041218,-0.25805,0.95073,-0.17185,-0.0048541,-0.17914,-0.98381
689.49,18.702,101.17,-0.96625,-0.25482,0.037753,-0.25757,0.95803,-0.1258,-0.00056419,-0.13035,-0.99147
694.24,19.96,100.98,-0.96625,-0.25482,0.037556,-0.25755,0.95777,-0.12784,0.0023261,-0.13169,-0.99129
699,21.219,100.8,-0.96625,-0.25482,0.037556,-0.25755,0.95777,-0.12784,0.0023261,-0.13169,-0.99129
703.75,22.467,100.61,-0.96625,-0.25482,0.037556,-0.25755,0.95777,-0.12784,0.0023261,-0.13169,-0.99129
708.51,23.726,100.43,-0.96626,-0.25482,0.037481,-0.25754,0.95777,-0.12784,0.0023261,-0.13169,-0.99129
713.26,24.975,100.24,-0.96626,-0.25482,0.037363,-0.2575,0.95875,-0.12044,0.00233,-0.12402,-0.99228
718.02,26.233,100.06,-0.96626,-0.25482,0.037363,-0.2575,0.95875,-0.12044,0.00233,-0.12402,-0.99228
722.77,27.482,99.877,-0.96626,-0.25482,0.037363,-0.2575,0.95875,-0.12044,0.00233,-0.12402,-0.99228
727.53,28.74,99.693,-0.96626,-0.25482,0.037363,-0.2575,0.95875,-0.12044,0.00233,-0.12402,-0.99228
