function out1 = iiwa_FK_symbolic_T89()
out1 =  [1.0000         0         0         0;
         0    1.0000         0         0;
         0         0    1.0000    0.0450;
         0         0         0    1.0000;];
end
